4.790000000000000000e+02
6.070000000000000000e+02
8.160000000000000000e+02
8.410000000000000000e+02
9.250000000000000000e+02
9.390000000000000000e+02
1.198000000000000000e+03
1.894000000000000000e+03
2.021000000000000000e+03
2.145000000000000000e+03
2.201000000000000000e+03
2.206000000000000000e+03
2.522000000000000000e+03
2.865000000000000000e+03
2.868000000000000000e+03
3.119000000000000000e+03
3.450000000000000000e+03
3.503000000000000000e+03
3.521000000000000000e+03
3.823000000000000000e+03
4.132000000000000000e+03
4.295000000000000000e+03
4.544000000000000000e+03
6.348000000000000000e+03
6.408000000000000000e+03
6.432000000000000000e+03
6.562000000000000000e+03
6.633000000000000000e+03
6.635000000000000000e+03
6.637000000000000000e+03
6.891000000000000000e+03
7.307000000000000000e+03
7.354000000000000000e+03
7.860000000000000000e+03
8.790000000000000000e+03
8.844000000000000000e+03
8.886000000000000000e+03
8.960000000000000000e+03
9.035000000000000000e+03
9.055000000000000000e+03
9.182000000000000000e+03
9.206000000000000000e+03
9.234000000000000000e+03
9.259000000000000000e+03
9.304000000000000000e+03
9.396000000000000000e+03
9.413000000000000000e+03
9.481000000000000000e+03
9.493000000000000000e+03
1.044900000000000000e+04
1.058600000000000000e+04
1.074500000000000000e+04
1.083200000000000000e+04
1.124900000000000000e+04
1.134000000000000000e+04
1.181000000000000000e+04
1.202300000000000000e+04
1.210600000000000000e+04
1.223200000000000000e+04
1.231000000000000000e+04
1.239300000000000000e+04
1.245600000000000000e+04
1.250300000000000000e+04
1.255900000000000000e+04
1.322400000000000000e+04
1.342800000000000000e+04
1.345600000000000000e+04
1.371100000000000000e+04
1.376400000000000000e+04
1.381800000000000000e+04
1.466300000000000000e+04
1.500100000000000000e+04
1.500300000000000000e+04
1.501200000000000000e+04
1.501700000000000000e+04
1.506100000000000000e+04
1.516700000000000000e+04
1.535600000000000000e+04
1.540000000000000000e+04
1.542000000000000000e+04
1.544900000000000000e+04
1.560700000000000000e+04
1.565700000000000000e+04
1.565900000000000000e+04
1.571000000000000000e+04
1.583700000000000000e+04
1.583900000000000000e+04
1.590400000000000000e+04
1.590700000000000000e+04
1.615500000000000000e+04
1.627700000000000000e+04
1.673600000000000000e+04
1.681600000000000000e+04
1.717900000000000000e+04
1.718100000000000000e+04
1.775500000000000000e+04
1.775600000000000000e+04
1.777500000000000000e+04
1.782200000000000000e+04
1.818300000000000000e+04
1.818700000000000000e+04
1.891900000000000000e+04
1.908100000000000000e+04
1.973300000000000000e+04
2.067500000000000000e+04
2.096800000000000000e+04
2.126200000000000000e+04
2.130800000000000000e+04
2.132300000000000000e+04
2.139500000000000000e+04
2.149500000000000000e+04
2.161200000000000000e+04
2.180100000000000000e+04
2.225200000000000000e+04
2.229100000000000000e+04
2.229400000000000000e+04
2.246800000000000000e+04
2.276500000000000000e+04
2.276700000000000000e+04
2.445200000000000000e+04
2.472200000000000000e+04
2.498200000000000000e+04
2.541100000000000000e+04
2.551600000000000000e+04
2.571100000000000000e+04
2.579000000000000000e+04
2.589100000000000000e+04
2.592500000000000000e+04
2.593200000000000000e+04
2.594200000000000000e+04
2.603400000000000000e+04
2.645000000000000000e+04
2.645400000000000000e+04
2.710800000000000000e+04
2.725900000000000000e+04
2.732500000000000000e+04
2.784100000000000000e+04
2.870800000000000000e+04
2.870900000000000000e+04
2.922100000000000000e+04
2.956300000000000000e+04
2.957100000000000000e+04
2.967800000000000000e+04
2.973400000000000000e+04
3.032700000000000000e+04
3.107000000000000000e+04
3.126100000000000000e+04
3.128300000000000000e+04
3.188700000000000000e+04
3.188900000000000000e+04
3.246800000000000000e+04
3.311200000000000000e+04
3.323500000000000000e+04
3.332000000000000000e+04
3.358200000000000000e+04
3.362500000000000000e+04
3.365800000000000000e+04
3.367600000000000000e+04
3.370500000000000000e+04
3.376800000000000000e+04
3.379700000000000000e+04
3.383200000000000000e+04
3.383500000000000000e+04
3.384000000000000000e+04
3.390300000000000000e+04
3.402000000000000000e+04
3.402600000000000000e+04
3.403900000000000000e+04
3.404600000000000000e+04
3.405800000000000000e+04
3.423100000000000000e+04
3.444100000000000000e+04
3.451300000000000000e+04
3.475800000000000000e+04
3.522600000000000000e+04
3.532700000000000000e+04
3.546400000000000000e+04
3.575600000000000000e+04
3.578600000000000000e+04
3.599700000000000000e+04
3.616700000000000000e+04
3.620400000000000000e+04
3.761700000000000000e+04
3.763900000000000000e+04
3.787400000000000000e+04
3.819100000000000000e+04
3.846400000000000000e+04
3.875800000000000000e+04
4.025200000000000000e+04
4.048600000000000000e+04
4.050200000000000000e+04
4.119000000000000000e+04
4.187100000000000000e+04
4.187700000000000000e+04
4.189000000000000000e+04
4.193900000000000000e+04
4.289500000000000000e+04
4.307500000000000000e+04
4.336500000000000000e+04
4.359800000000000000e+04
