1.830000000000000000e+02
2.160000000000000000e+02
4.050000000000000000e+02
4.070000000000000000e+02
4.110000000000000000e+02
4.510000000000000000e+02
4.560000000000000000e+02
4.790000000000000000e+02
4.800000000000000000e+02
4.960000000000000000e+02
5.090000000000000000e+02
5.230000000000000000e+02
5.240000000000000000e+02
5.300000000000000000e+02
5.500000000000000000e+02
5.570000000000000000e+02
5.620000000000000000e+02
5.890000000000000000e+02
5.980000000000000000e+02
5.990000000000000000e+02
6.050000000000000000e+02
6.070000000000000000e+02
6.230000000000000000e+02
6.260000000000000000e+02
6.380000000000000000e+02
6.390000000000000000e+02
6.420000000000000000e+02
6.450000000000000000e+02
6.920000000000000000e+02
7.180000000000000000e+02
7.280000000000000000e+02
7.340000000000000000e+02
7.400000000000000000e+02
7.470000000000000000e+02
7.510000000000000000e+02
7.520000000000000000e+02
7.570000000000000000e+02
8.140000000000000000e+02
8.160000000000000000e+02
8.170000000000000000e+02
8.320000000000000000e+02
8.380000000000000000e+02
8.390000000000000000e+02
8.410000000000000000e+02
8.440000000000000000e+02
8.450000000000000000e+02
8.580000000000000000e+02
8.640000000000000000e+02
8.680000000000000000e+02
8.740000000000000000e+02
8.750000000000000000e+02
8.760000000000000000e+02
8.820000000000000000e+02
8.900000000000000000e+02
9.040000000000000000e+02
9.060000000000000000e+02
9.250000000000000000e+02
9.260000000000000000e+02
9.310000000000000000e+02
9.390000000000000000e+02
9.710000000000000000e+02
9.790000000000000000e+02
9.800000000000000000e+02
9.950000000000000000e+02
1.015000000000000000e+03
1.016000000000000000e+03
1.028000000000000000e+03
1.039000000000000000e+03
1.043000000000000000e+03
1.044000000000000000e+03
1.052000000000000000e+03
1.053000000000000000e+03
1.058000000000000000e+03
1.087000000000000000e+03
1.094000000000000000e+03
1.110000000000000000e+03
1.146000000000000000e+03
1.165000000000000000e+03
1.198000000000000000e+03
1.223000000000000000e+03
1.226000000000000000e+03
1.240000000000000000e+03
1.246000000000000000e+03
1.279000000000000000e+03
1.282000000000000000e+03
1.284000000000000000e+03
1.349000000000000000e+03
1.356000000000000000e+03
1.357000000000000000e+03
1.359000000000000000e+03
1.365000000000000000e+03
1.368000000000000000e+03
1.373000000000000000e+03
1.387000000000000000e+03
1.397000000000000000e+03
1.401000000000000000e+03
1.407000000000000000e+03
1.422000000000000000e+03
1.429000000000000000e+03
1.430000000000000000e+03
1.431000000000000000e+03
1.465000000000000000e+03
1.480000000000000000e+03
1.485000000000000000e+03
1.506000000000000000e+03
1.536000000000000000e+03
1.560000000000000000e+03
1.590000000000000000e+03
1.594000000000000000e+03
1.602000000000000000e+03
1.633000000000000000e+03
1.635000000000000000e+03
1.649000000000000000e+03
1.658000000000000000e+03
1.686000000000000000e+03
1.715000000000000000e+03
1.730000000000000000e+03
1.758000000000000000e+03
1.759000000000000000e+03
1.760000000000000000e+03
1.765000000000000000e+03
1.783000000000000000e+03
1.802000000000000000e+03
1.889000000000000000e+03
1.893000000000000000e+03
1.894000000000000000e+03
1.897000000000000000e+03
1.901000000000000000e+03
1.902000000000000000e+03
1.904000000000000000e+03
1.920000000000000000e+03
1.924000000000000000e+03
1.944000000000000000e+03
1.962000000000000000e+03
2.003000000000000000e+03
2.006000000000000000e+03
2.011000000000000000e+03
2.012000000000000000e+03
2.021000000000000000e+03
2.036000000000000000e+03
2.038000000000000000e+03
2.040000000000000000e+03
2.072000000000000000e+03
2.074000000000000000e+03
2.145000000000000000e+03
2.147000000000000000e+03
2.153000000000000000e+03
2.158000000000000000e+03
2.201000000000000000e+03
2.204000000000000000e+03
2.206000000000000000e+03
2.209000000000000000e+03
2.237000000000000000e+03
2.249000000000000000e+03
2.269000000000000000e+03
2.274000000000000000e+03
2.388000000000000000e+03
2.405000000000000000e+03
2.406000000000000000e+03
2.408000000000000000e+03
2.412000000000000000e+03
2.450000000000000000e+03
2.451000000000000000e+03
2.490000000000000000e+03
2.500000000000000000e+03
2.508000000000000000e+03
2.522000000000000000e+03
2.533000000000000000e+03
2.556000000000000000e+03
2.567000000000000000e+03
2.589000000000000000e+03
2.618000000000000000e+03
2.620000000000000000e+03
2.627000000000000000e+03
2.640000000000000000e+03
2.661000000000000000e+03
2.707000000000000000e+03
2.752000000000000000e+03
2.794000000000000000e+03
2.797000000000000000e+03
2.803000000000000000e+03
2.806000000000000000e+03
2.808000000000000000e+03
2.827000000000000000e+03
2.833000000000000000e+03
2.865000000000000000e+03
2.868000000000000000e+03
2.904000000000000000e+03
2.908000000000000000e+03
2.909000000000000000e+03
2.917000000000000000e+03
2.941000000000000000e+03
2.948000000000000000e+03
2.954000000000000000e+03
2.965000000000000000e+03
2.967000000000000000e+03
2.972000000000000000e+03
2.976000000000000000e+03
2.977000000000000000e+03
2.991000000000000000e+03
2.992000000000000000e+03
3.029000000000000000e+03
3.038000000000000000e+03
3.069000000000000000e+03
3.101000000000000000e+03
3.119000000000000000e+03
3.142000000000000000e+03
3.153000000000000000e+03
3.208000000000000000e+03
3.221000000000000000e+03
3.247000000000000000e+03
3.248000000000000000e+03
3.260000000000000000e+03
3.262000000000000000e+03
3.294000000000000000e+03
3.314000000000000000e+03
3.323000000000000000e+03
3.332000000000000000e+03
3.342000000000000000e+03
3.343000000000000000e+03
3.350000000000000000e+03
3.359000000000000000e+03
3.383000000000000000e+03
3.424000000000000000e+03
3.428000000000000000e+03
3.440000000000000000e+03
3.450000000000000000e+03
3.457000000000000000e+03
3.458000000000000000e+03
3.462000000000000000e+03
3.463000000000000000e+03
3.482000000000000000e+03
3.485000000000000000e+03
3.503000000000000000e+03
3.505000000000000000e+03
3.521000000000000000e+03
3.536000000000000000e+03
3.592000000000000000e+03
3.625000000000000000e+03
3.630000000000000000e+03
3.646000000000000000e+03
3.664000000000000000e+03
3.666000000000000000e+03
3.719000000000000000e+03
3.726000000000000000e+03
3.730000000000000000e+03
3.750000000000000000e+03
3.754000000000000000e+03
3.771000000000000000e+03
3.776000000000000000e+03
3.808000000000000000e+03
3.814000000000000000e+03
3.820000000000000000e+03
3.823000000000000000e+03
3.826000000000000000e+03
3.830000000000000000e+03
3.853000000000000000e+03
3.868000000000000000e+03
3.871000000000000000e+03
3.934000000000000000e+03
4.015000000000000000e+03
4.018000000000000000e+03
4.019000000000000000e+03
4.022000000000000000e+03
4.030000000000000000e+03
4.031000000000000000e+03
4.052000000000000000e+03
4.125000000000000000e+03
4.130000000000000000e+03
4.132000000000000000e+03
4.154000000000000000e+03
4.159000000000000000e+03
4.238000000000000000e+03
4.288000000000000000e+03
4.294000000000000000e+03
4.295000000000000000e+03
4.349000000000000000e+03
4.351000000000000000e+03
4.403000000000000000e+03
4.446000000000000000e+03
4.451000000000000000e+03
4.477000000000000000e+03
4.489000000000000000e+03
4.518000000000000000e+03
4.528000000000000000e+03
4.544000000000000000e+03
4.546000000000000000e+03
4.556000000000000000e+03
4.586000000000000000e+03
4.764000000000000000e+03
4.857000000000000000e+03
4.959000000000000000e+03
4.960000000000000000e+03
4.963000000000000000e+03
4.986000000000000000e+03
4.993000000000000000e+03
5.055000000000000000e+03
5.068000000000000000e+03
5.085000000000000000e+03
5.166000000000000000e+03
5.177000000000000000e+03
5.181000000000000000e+03
5.229000000000000000e+03
5.273000000000000000e+03
5.291000000000000000e+03
5.292000000000000000e+03
5.306000000000000000e+03
5.308000000000000000e+03
5.315000000000000000e+03
5.317000000000000000e+03
5.333000000000000000e+03
5.376000000000000000e+03
5.405000000000000000e+03
5.412000000000000000e+03
5.432000000000000000e+03
5.433000000000000000e+03
5.437000000000000000e+03
5.524000000000000000e+03
5.570000000000000000e+03
5.571000000000000000e+03
5.704000000000000000e+03
5.738000000000000000e+03
5.880000000000000000e+03
6.033000000000000000e+03
6.104000000000000000e+03
6.110000000000000000e+03
6.154000000000000000e+03
6.214000000000000000e+03
6.246000000000000000e+03
6.252000000000000000e+03
6.289000000000000000e+03
6.308000000000000000e+03
6.326000000000000000e+03
6.337000000000000000e+03
6.342000000000000000e+03
6.343000000000000000e+03
6.348000000000000000e+03
6.351000000000000000e+03
6.382000000000000000e+03
6.403000000000000000e+03
6.408000000000000000e+03
6.411000000000000000e+03
6.427000000000000000e+03
6.432000000000000000e+03
6.439000000000000000e+03
6.469000000000000000e+03
6.480000000000000000e+03
6.487000000000000000e+03
6.490000000000000000e+03
6.504000000000000000e+03
6.522000000000000000e+03
6.539000000000000000e+03
6.540000000000000000e+03
6.558000000000000000e+03
6.562000000000000000e+03
6.569000000000000000e+03
6.580000000000000000e+03
6.612000000000000000e+03
6.613000000000000000e+03
6.617000000000000000e+03
6.622000000000000000e+03
6.627000000000000000e+03
6.628000000000000000e+03
6.633000000000000000e+03
6.635000000000000000e+03
6.637000000000000000e+03
6.668000000000000000e+03
6.719000000000000000e+03
6.745000000000000000e+03
6.746000000000000000e+03
6.755000000000000000e+03
6.760000000000000000e+03
6.768000000000000000e+03
6.788000000000000000e+03
6.797000000000000000e+03
6.843000000000000000e+03
6.863000000000000000e+03
6.879000000000000000e+03
6.891000000000000000e+03
6.900000000000000000e+03
6.911000000000000000e+03
6.937000000000000000e+03
6.944000000000000000e+03
6.961000000000000000e+03
6.962000000000000000e+03
6.968000000000000000e+03
6.969000000000000000e+03
6.970000000000000000e+03
6.972000000000000000e+03
6.978000000000000000e+03
7.002000000000000000e+03
7.019000000000000000e+03
7.036000000000000000e+03
7.042000000000000000e+03
7.044000000000000000e+03
7.045000000000000000e+03
7.228000000000000000e+03
7.281000000000000000e+03
7.283000000000000000e+03
7.284000000000000000e+03
7.307000000000000000e+03
7.308000000000000000e+03
7.354000000000000000e+03
7.355000000000000000e+03
7.384000000000000000e+03
7.391000000000000000e+03
7.392000000000000000e+03
7.402000000000000000e+03
7.403000000000000000e+03
7.405000000000000000e+03
7.413000000000000000e+03
7.414000000000000000e+03
7.434000000000000000e+03
7.683000000000000000e+03
7.804000000000000000e+03
7.809000000000000000e+03
7.857000000000000000e+03
7.859000000000000000e+03
7.860000000000000000e+03
7.913000000000000000e+03
7.925000000000000000e+03
7.958000000000000000e+03
7.962000000000000000e+03
7.963000000000000000e+03
7.982000000000000000e+03
7.995000000000000000e+03
8.020000000000000000e+03
8.058000000000000000e+03
8.066000000000000000e+03
8.083000000000000000e+03
8.084000000000000000e+03
8.086000000000000000e+03
8.087000000000000000e+03
8.093000000000000000e+03
8.128000000000000000e+03
8.132000000000000000e+03
8.139000000000000000e+03
8.140000000000000000e+03
8.142000000000000000e+03
8.143000000000000000e+03
8.165000000000000000e+03
8.194000000000000000e+03
8.199000000000000000e+03
8.201000000000000000e+03
8.214000000000000000e+03
8.233000000000000000e+03
8.365000000000000000e+03
8.366000000000000000e+03
8.406000000000000000e+03
8.410000000000000000e+03
8.451000000000000000e+03
8.452000000000000000e+03
8.453000000000000000e+03
8.455000000000000000e+03
8.475000000000000000e+03
8.519000000000000000e+03
8.532000000000000000e+03
8.536000000000000000e+03
8.548000000000000000e+03
8.566000000000000000e+03
8.568000000000000000e+03
8.583000000000000000e+03
8.585000000000000000e+03
8.616000000000000000e+03
8.648000000000000000e+03
8.663000000000000000e+03
8.667000000000000000e+03
8.673000000000000000e+03
8.684000000000000000e+03
8.697000000000000000e+03
8.702000000000000000e+03
8.704000000000000000e+03
8.712000000000000000e+03
8.715000000000000000e+03
8.725000000000000000e+03
8.727000000000000000e+03
8.728000000000000000e+03
8.731000000000000000e+03
8.732000000000000000e+03
8.742000000000000000e+03
8.748000000000000000e+03
8.753000000000000000e+03
8.784000000000000000e+03
8.790000000000000000e+03
8.791000000000000000e+03
8.800000000000000000e+03
8.803000000000000000e+03
8.812000000000000000e+03
8.813000000000000000e+03
8.819000000000000000e+03
8.824000000000000000e+03
8.830000000000000000e+03
8.834000000000000000e+03
8.844000000000000000e+03
8.852000000000000000e+03
8.855000000000000000e+03
8.862000000000000000e+03
8.873000000000000000e+03
8.876000000000000000e+03
8.880000000000000000e+03
8.886000000000000000e+03
8.892000000000000000e+03
8.915000000000000000e+03
8.922000000000000000e+03
8.925000000000000000e+03
8.931000000000000000e+03
8.934000000000000000e+03
8.937000000000000000e+03
8.942000000000000000e+03
8.949000000000000000e+03
8.950000000000000000e+03
8.960000000000000000e+03
8.962000000000000000e+03
8.964000000000000000e+03
8.970000000000000000e+03
8.977000000000000000e+03
8.980000000000000000e+03
8.986000000000000000e+03
8.987000000000000000e+03
8.991000000000000000e+03
8.992000000000000000e+03
8.996000000000000000e+03
9.009000000000000000e+03
9.021000000000000000e+03
9.025000000000000000e+03
9.035000000000000000e+03
9.049000000000000000e+03
9.055000000000000000e+03
9.072000000000000000e+03
9.073000000000000000e+03
9.078000000000000000e+03
9.082000000000000000e+03
9.084000000000000000e+03
9.088000000000000000e+03
9.096000000000000000e+03
9.104000000000000000e+03
9.114000000000000000e+03
9.118000000000000000e+03
9.119000000000000000e+03
9.120000000000000000e+03
9.124000000000000000e+03
9.126000000000000000e+03
9.130000000000000000e+03
9.139000000000000000e+03
9.140000000000000000e+03
9.165000000000000000e+03
9.178000000000000000e+03
9.182000000000000000e+03
9.188000000000000000e+03
9.206000000000000000e+03
9.223000000000000000e+03
9.230000000000000000e+03
9.232000000000000000e+03
9.234000000000000000e+03
9.241000000000000000e+03
9.246000000000000000e+03
9.252000000000000000e+03
9.253000000000000000e+03
9.259000000000000000e+03
9.260000000000000000e+03
9.269000000000000000e+03
9.270000000000000000e+03
9.271000000000000000e+03
9.273000000000000000e+03
9.281000000000000000e+03
9.282000000000000000e+03
9.288000000000000000e+03
9.292000000000000000e+03
9.295000000000000000e+03
9.299000000000000000e+03
9.304000000000000000e+03
9.305000000000000000e+03
9.306000000000000000e+03
9.309000000000000000e+03
9.311000000000000000e+03
9.313000000000000000e+03
9.322000000000000000e+03
9.324000000000000000e+03
9.328000000000000000e+03
9.332000000000000000e+03
9.339000000000000000e+03
9.343000000000000000e+03
9.347000000000000000e+03
9.353000000000000000e+03
9.359000000000000000e+03
9.366000000000000000e+03
9.367000000000000000e+03
9.373000000000000000e+03
9.377000000000000000e+03
9.380000000000000000e+03
9.388000000000000000e+03
9.396000000000000000e+03
9.397000000000000000e+03
9.402000000000000000e+03
9.409000000000000000e+03
9.410000000000000000e+03
9.413000000000000000e+03
9.414000000000000000e+03
9.467000000000000000e+03
9.473000000000000000e+03
9.476000000000000000e+03
9.481000000000000000e+03
9.482000000000000000e+03
9.485000000000000000e+03
9.493000000000000000e+03
9.519000000000000000e+03
9.525000000000000000e+03
9.526000000000000000e+03
9.533000000000000000e+03
9.540000000000000000e+03
9.542000000000000000e+03
9.552000000000000000e+03
9.554000000000000000e+03
9.558000000000000000e+03
9.562000000000000000e+03
9.584000000000000000e+03
9.585000000000000000e+03
9.592000000000000000e+03
9.593000000000000000e+03
9.653000000000000000e+03
9.718000000000000000e+03
9.720000000000000000e+03
9.727000000000000000e+03
9.732000000000000000e+03
9.735000000000000000e+03
9.740000000000000000e+03
9.745000000000000000e+03
9.747000000000000000e+03
9.756000000000000000e+03
9.762000000000000000e+03
9.766000000000000000e+03
9.773000000000000000e+03
9.779000000000000000e+03
9.792000000000000000e+03
9.795000000000000000e+03
9.818000000000000000e+03
9.819000000000000000e+03
9.845000000000000000e+03
9.847000000000000000e+03
9.849000000000000000e+03
9.859000000000000000e+03
9.881000000000000000e+03
9.974000000000000000e+03
9.980000000000000000e+03
9.987000000000000000e+03
9.990000000000000000e+03
9.994000000000000000e+03
9.996000000000000000e+03
1.000200000000000000e+04
1.003800000000000000e+04
1.004400000000000000e+04
1.009200000000000000e+04
1.010000000000000000e+04
1.010200000000000000e+04
1.011600000000000000e+04
1.011900000000000000e+04
1.014000000000000000e+04
1.014200000000000000e+04
1.015200000000000000e+04
1.015600000000000000e+04
1.017000000000000000e+04
1.020500000000000000e+04
1.021900000000000000e+04
1.025300000000000000e+04
1.033200000000000000e+04
1.033900000000000000e+04
1.036200000000000000e+04
1.036400000000000000e+04
1.036600000000000000e+04
1.036800000000000000e+04
1.037000000000000000e+04
1.037100000000000000e+04
1.037600000000000000e+04
1.038100000000000000e+04
1.040700000000000000e+04
1.042100000000000000e+04
1.042500000000000000e+04
1.044800000000000000e+04
1.044900000000000000e+04
1.045400000000000000e+04
1.045900000000000000e+04
1.046000000000000000e+04
1.046700000000000000e+04
1.048700000000000000e+04
1.049400000000000000e+04
1.049500000000000000e+04
1.050300000000000000e+04
1.050800000000000000e+04
1.053400000000000000e+04
1.055700000000000000e+04
1.056400000000000000e+04
1.058600000000000000e+04
1.066800000000000000e+04
1.067700000000000000e+04
1.070600000000000000e+04
1.070800000000000000e+04
1.072700000000000000e+04
1.074500000000000000e+04
1.075000000000000000e+04
1.077300000000000000e+04
1.083200000000000000e+04
1.083300000000000000e+04
1.083500000000000000e+04
1.083800000000000000e+04
1.083900000000000000e+04
1.084200000000000000e+04
1.084800000000000000e+04
1.087900000000000000e+04
1.089400000000000000e+04
1.089500000000000000e+04
1.090300000000000000e+04
1.094000000000000000e+04
1.095800000000000000e+04
1.096500000000000000e+04
1.096900000000000000e+04
1.097000000000000000e+04
1.097400000000000000e+04
1.097700000000000000e+04
1.098000000000000000e+04
1.098200000000000000e+04
1.099600000000000000e+04
1.099700000000000000e+04
1.100600000000000000e+04
1.100700000000000000e+04
1.101300000000000000e+04
1.101400000000000000e+04
1.103500000000000000e+04
1.106100000000000000e+04
1.106900000000000000e+04
1.109000000000000000e+04
1.109200000000000000e+04
1.109600000000000000e+04
1.110600000000000000e+04
1.110900000000000000e+04
1.111500000000000000e+04
1.112800000000000000e+04
1.112900000000000000e+04
1.113300000000000000e+04
1.113600000000000000e+04
1.115900000000000000e+04
1.116600000000000000e+04
1.116700000000000000e+04
1.119700000000000000e+04
1.120100000000000000e+04
1.120400000000000000e+04
1.120800000000000000e+04
1.121600000000000000e+04
1.121700000000000000e+04
1.121900000000000000e+04
1.122800000000000000e+04
1.123700000000000000e+04
1.124700000000000000e+04
1.124900000000000000e+04
1.127300000000000000e+04
1.129100000000000000e+04
1.134000000000000000e+04
1.137600000000000000e+04
1.140800000000000000e+04
1.142200000000000000e+04
1.144000000000000000e+04
1.144500000000000000e+04
1.144600000000000000e+04
1.144900000000000000e+04
1.145200000000000000e+04
1.145300000000000000e+04
1.146900000000000000e+04
1.147100000000000000e+04
1.148300000000000000e+04
1.148700000000000000e+04
1.151500000000000000e+04
1.158100000000000000e+04
1.169700000000000000e+04
1.170300000000000000e+04
1.170400000000000000e+04
1.170500000000000000e+04
1.173300000000000000e+04
1.174500000000000000e+04
1.175800000000000000e+04
1.177100000000000000e+04
1.177200000000000000e+04
1.177900000000000000e+04
1.179000000000000000e+04
1.179200000000000000e+04
1.179400000000000000e+04
1.179700000000000000e+04
1.180800000000000000e+04
1.181000000000000000e+04
1.181200000000000000e+04
1.192000000000000000e+04
1.192100000000000000e+04
1.194200000000000000e+04
1.194300000000000000e+04
1.195800000000000000e+04
1.196900000000000000e+04
1.197700000000000000e+04
1.198200000000000000e+04
1.201700000000000000e+04
1.202300000000000000e+04
1.202500000000000000e+04
1.205300000000000000e+04
1.206700000000000000e+04
1.208200000000000000e+04
1.209100000000000000e+04
1.210100000000000000e+04
1.210300000000000000e+04
1.210400000000000000e+04
1.210600000000000000e+04
1.212000000000000000e+04
1.212100000000000000e+04
1.212200000000000000e+04
1.212400000000000000e+04
1.212800000000000000e+04
1.213900000000000000e+04
1.214400000000000000e+04
1.214600000000000000e+04
1.215900000000000000e+04
1.220900000000000000e+04
1.221600000000000000e+04
1.221700000000000000e+04
1.223200000000000000e+04
1.230700000000000000e+04
1.231000000000000000e+04
1.231200000000000000e+04
1.231600000000000000e+04
1.232000000000000000e+04
1.233700000000000000e+04
1.234400000000000000e+04
1.236600000000000000e+04
1.237000000000000000e+04
1.237100000000000000e+04
1.237600000000000000e+04
1.237800000000000000e+04
1.238000000000000000e+04
1.238800000000000000e+04
1.239300000000000000e+04
1.240000000000000000e+04
1.242500000000000000e+04
1.242600000000000000e+04
1.243800000000000000e+04
1.244000000000000000e+04
1.244500000000000000e+04
1.244900000000000000e+04
1.245000000000000000e+04
1.245600000000000000e+04
1.246100000000000000e+04
1.246400000000000000e+04
1.246600000000000000e+04
1.248700000000000000e+04
1.249900000000000000e+04
1.250300000000000000e+04
1.251400000000000000e+04
1.251500000000000000e+04
1.255700000000000000e+04
1.255900000000000000e+04
1.256300000000000000e+04
1.257100000000000000e+04
1.257800000000000000e+04
1.258400000000000000e+04
1.258500000000000000e+04
1.265400000000000000e+04
1.266400000000000000e+04
1.267200000000000000e+04
1.267300000000000000e+04
1.267900000000000000e+04
1.268000000000000000e+04
1.268100000000000000e+04
1.270400000000000000e+04
1.271100000000000000e+04
1.271700000000000000e+04
1.272100000000000000e+04
1.274300000000000000e+04
1.277400000000000000e+04
1.277900000000000000e+04
1.284300000000000000e+04
1.285700000000000000e+04
1.288500000000000000e+04
1.294400000000000000e+04
1.296200000000000000e+04
1.300000000000000000e+04
1.300100000000000000e+04
1.300300000000000000e+04
1.321300000000000000e+04
1.321400000000000000e+04
1.322400000000000000e+04
1.322900000000000000e+04
1.324500000000000000e+04
1.328500000000000000e+04
1.330200000000000000e+04
1.333300000000000000e+04
1.333800000000000000e+04
1.334300000000000000e+04
1.334900000000000000e+04
1.337300000000000000e+04
1.337500000000000000e+04
1.342800000000000000e+04
1.342900000000000000e+04
1.343100000000000000e+04
1.344800000000000000e+04
1.344900000000000000e+04
1.345100000000000000e+04
1.345600000000000000e+04
1.345900000000000000e+04
1.354500000000000000e+04
1.354600000000000000e+04
1.354800000000000000e+04
1.354900000000000000e+04
1.355200000000000000e+04
1.355900000000000000e+04
1.356300000000000000e+04
1.356600000000000000e+04
1.357200000000000000e+04
1.357400000000000000e+04
1.357500000000000000e+04
1.358200000000000000e+04
1.359900000000000000e+04
1.360300000000000000e+04
1.362900000000000000e+04
1.366400000000000000e+04
1.367400000000000000e+04
1.368800000000000000e+04
1.370500000000000000e+04
1.371100000000000000e+04
1.371200000000000000e+04
1.372300000000000000e+04
1.373600000000000000e+04
1.373700000000000000e+04
1.376400000000000000e+04
1.378900000000000000e+04
1.381800000000000000e+04
1.384800000000000000e+04
1.385000000000000000e+04
1.386200000000000000e+04
1.386600000000000000e+04
1.389000000000000000e+04
1.389200000000000000e+04
1.389500000000000000e+04
1.390400000000000000e+04
1.390500000000000000e+04
1.392600000000000000e+04
1.393200000000000000e+04
1.394800000000000000e+04
1.395400000000000000e+04
1.395700000000000000e+04
1.400700000000000000e+04
1.401100000000000000e+04
1.401600000000000000e+04
1.405400000000000000e+04
1.406500000000000000e+04
1.407000000000000000e+04
1.407100000000000000e+04
1.408100000000000000e+04
1.411000000000000000e+04
1.414700000000000000e+04
1.418200000000000000e+04
1.418600000000000000e+04
1.419500000000000000e+04
1.420100000000000000e+04
1.420300000000000000e+04
1.420400000000000000e+04
1.420900000000000000e+04
1.421000000000000000e+04
1.421200000000000000e+04
1.423400000000000000e+04
1.426100000000000000e+04
1.426900000000000000e+04
1.428400000000000000e+04
1.430000000000000000e+04
1.431500000000000000e+04
1.431600000000000000e+04
1.431800000000000000e+04
1.432500000000000000e+04
1.434400000000000000e+04
1.434800000000000000e+04
1.437500000000000000e+04
1.437600000000000000e+04
1.437700000000000000e+04
1.438600000000000000e+04
1.439300000000000000e+04
1.440700000000000000e+04
1.441400000000000000e+04
1.442300000000000000e+04
1.444600000000000000e+04
1.445600000000000000e+04
1.447200000000000000e+04
1.447300000000000000e+04
1.449000000000000000e+04
1.453500000000000000e+04
1.455800000000000000e+04
1.458200000000000000e+04
1.459900000000000000e+04
1.460000000000000000e+04
1.461400000000000000e+04
1.461500000000000000e+04
1.465700000000000000e+04
1.465800000000000000e+04
1.466300000000000000e+04
1.467600000000000000e+04
1.476500000000000000e+04
1.477800000000000000e+04
1.480300000000000000e+04
1.482600000000000000e+04
1.482700000000000000e+04
1.483200000000000000e+04
1.483300000000000000e+04
1.484900000000000000e+04
1.486500000000000000e+04
1.486900000000000000e+04
1.487000000000000000e+04
1.489200000000000000e+04
1.489500000000000000e+04
1.491100000000000000e+04
1.492500000000000000e+04
1.492800000000000000e+04
1.494200000000000000e+04
1.497600000000000000e+04
1.497700000000000000e+04
1.500100000000000000e+04
1.500300000000000000e+04
1.501000000000000000e+04
1.501200000000000000e+04
1.501300000000000000e+04
1.501400000000000000e+04
1.501700000000000000e+04
1.501900000000000000e+04
1.502000000000000000e+04
1.503300000000000000e+04
1.503400000000000000e+04
1.504600000000000000e+04
1.505300000000000000e+04
1.505400000000000000e+04
1.506100000000000000e+04
1.507700000000000000e+04
1.508200000000000000e+04
1.511600000000000000e+04
1.513400000000000000e+04
1.513700000000000000e+04
1.516100000000000000e+04
1.516200000000000000e+04
1.516400000000000000e+04
1.516500000000000000e+04
1.516600000000000000e+04
1.516700000000000000e+04
1.516800000000000000e+04
1.517600000000000000e+04
1.517700000000000000e+04
1.517800000000000000e+04
1.518000000000000000e+04
1.518500000000000000e+04
1.520100000000000000e+04
1.520200000000000000e+04
1.520700000000000000e+04
1.521800000000000000e+04
1.522100000000000000e+04
1.522200000000000000e+04
1.529500000000000000e+04
1.530800000000000000e+04
1.531500000000000000e+04
1.531600000000000000e+04
1.531800000000000000e+04
1.531900000000000000e+04
1.532900000000000000e+04
1.535500000000000000e+04
1.535600000000000000e+04
1.536800000000000000e+04
1.537100000000000000e+04
1.537800000000000000e+04
1.538600000000000000e+04
1.540000000000000000e+04
1.540200000000000000e+04
1.542000000000000000e+04
1.543700000000000000e+04
1.544500000000000000e+04
1.544900000000000000e+04
1.546600000000000000e+04
1.548400000000000000e+04
1.549300000000000000e+04
1.555000000000000000e+04
1.557800000000000000e+04
1.560400000000000000e+04
1.560700000000000000e+04
1.565700000000000000e+04
1.565900000000000000e+04
1.568600000000000000e+04
1.568800000000000000e+04
1.569400000000000000e+04
1.569600000000000000e+04
1.569800000000000000e+04
1.571000000000000000e+04
1.571200000000000000e+04
1.572600000000000000e+04
1.573100000000000000e+04
1.573200000000000000e+04
1.574000000000000000e+04
1.574200000000000000e+04
1.575600000000000000e+04
1.576100000000000000e+04
1.576500000000000000e+04
1.577200000000000000e+04
1.577300000000000000e+04
1.578100000000000000e+04
1.578200000000000000e+04
1.581400000000000000e+04
1.582500000000000000e+04
1.582600000000000000e+04
1.583700000000000000e+04
1.583900000000000000e+04
1.584400000000000000e+04
1.585800000000000000e+04
1.587800000000000000e+04
1.588400000000000000e+04
1.589000000000000000e+04
1.590400000000000000e+04
1.590500000000000000e+04
1.590600000000000000e+04
1.590700000000000000e+04
1.591300000000000000e+04
1.591900000000000000e+04
1.592000000000000000e+04
1.592300000000000000e+04
1.592600000000000000e+04
1.592700000000000000e+04
1.593500000000000000e+04
1.593600000000000000e+04
1.594000000000000000e+04
1.594300000000000000e+04
1.594800000000000000e+04
1.595100000000000000e+04
1.595800000000000000e+04
1.596100000000000000e+04
1.596900000000000000e+04
1.597700000000000000e+04
1.598200000000000000e+04
1.598500000000000000e+04
1.599300000000000000e+04
1.599700000000000000e+04
1.600200000000000000e+04
1.600300000000000000e+04
1.601000000000000000e+04
1.601100000000000000e+04
1.601300000000000000e+04
1.602200000000000000e+04
1.604900000000000000e+04
1.605200000000000000e+04
1.605700000000000000e+04
1.607700000000000000e+04
1.612300000000000000e+04
1.612400000000000000e+04
1.614000000000000000e+04
1.614100000000000000e+04
1.615300000000000000e+04
1.615500000000000000e+04
1.616600000000000000e+04
1.620200000000000000e+04
1.621200000000000000e+04
1.621800000000000000e+04
1.621900000000000000e+04
1.625100000000000000e+04
1.625200000000000000e+04
1.626100000000000000e+04
1.627700000000000000e+04
1.631100000000000000e+04
1.631300000000000000e+04
1.631400000000000000e+04
1.631900000000000000e+04
1.636000000000000000e+04
1.637500000000000000e+04
1.642300000000000000e+04
1.645300000000000000e+04
1.645800000000000000e+04
1.646400000000000000e+04
1.648800000000000000e+04
1.653300000000000000e+04
1.653500000000000000e+04
1.659000000000000000e+04
1.659200000000000000e+04
1.659900000000000000e+04
1.666500000000000000e+04
1.666800000000000000e+04
1.666900000000000000e+04
1.670000000000000000e+04
1.671400000000000000e+04
1.671500000000000000e+04
1.672400000000000000e+04
1.673600000000000000e+04
1.673900000000000000e+04
1.674200000000000000e+04
1.674400000000000000e+04
1.674500000000000000e+04
1.675000000000000000e+04
1.676500000000000000e+04
1.678400000000000000e+04
1.680700000000000000e+04
1.681600000000000000e+04
1.681800000000000000e+04
1.682100000000000000e+04
1.682200000000000000e+04
1.682800000000000000e+04
1.694600000000000000e+04
1.694900000000000000e+04
1.697800000000000000e+04
1.700200000000000000e+04
1.700500000000000000e+04
1.702100000000000000e+04
1.703000000000000000e+04
1.708500000000000000e+04
1.708800000000000000e+04
1.712600000000000000e+04
1.713200000000000000e+04
1.715600000000000000e+04
1.717400000000000000e+04
1.717900000000000000e+04
1.718100000000000000e+04
1.718300000000000000e+04
1.719000000000000000e+04
1.720300000000000000e+04
1.720400000000000000e+04
1.721600000000000000e+04
1.724600000000000000e+04
1.728400000000000000e+04
1.729300000000000000e+04
1.739100000000000000e+04
1.744700000000000000e+04
1.749800000000000000e+04
1.749900000000000000e+04
1.750900000000000000e+04
1.751500000000000000e+04
1.751900000000000000e+04
1.752000000000000000e+04
1.753200000000000000e+04
1.753700000000000000e+04
1.757500000000000000e+04
1.757700000000000000e+04
1.759200000000000000e+04
1.759400000000000000e+04
1.760000000000000000e+04
1.761300000000000000e+04
1.764600000000000000e+04
1.767300000000000000e+04
1.772500000000000000e+04
1.772700000000000000e+04
1.772800000000000000e+04
1.773000000000000000e+04
1.775500000000000000e+04
1.775600000000000000e+04
1.775800000000000000e+04
1.775900000000000000e+04
1.776800000000000000e+04
1.777000000000000000e+04
1.777300000000000000e+04
1.777500000000000000e+04
1.779100000000000000e+04
1.781600000000000000e+04
1.782200000000000000e+04
1.792500000000000000e+04
1.793700000000000000e+04
1.796000000000000000e+04
1.797400000000000000e+04
1.797900000000000000e+04
1.798100000000000000e+04
1.798400000000000000e+04
1.800600000000000000e+04
1.800700000000000000e+04
1.800800000000000000e+04
1.803200000000000000e+04
1.805200000000000000e+04
1.815200000000000000e+04
1.817500000000000000e+04
1.818300000000000000e+04
1.818500000000000000e+04
1.818700000000000000e+04
1.819200000000000000e+04
1.819300000000000000e+04
1.820400000000000000e+04
1.820500000000000000e+04
1.821300000000000000e+04
1.822500000000000000e+04
1.823100000000000000e+04
1.828000000000000000e+04
1.828700000000000000e+04
1.828800000000000000e+04
1.830300000000000000e+04
1.831200000000000000e+04
1.831300000000000000e+04
1.833200000000000000e+04
1.840300000000000000e+04
1.840500000000000000e+04
1.849600000000000000e+04
1.860900000000000000e+04
1.861100000000000000e+04
1.867000000000000000e+04
1.874700000000000000e+04
1.874900000000000000e+04
1.875000000000000000e+04
1.887100000000000000e+04
1.887700000000000000e+04
1.888000000000000000e+04
1.889000000000000000e+04
1.889300000000000000e+04
1.891900000000000000e+04
1.892200000000000000e+04
1.896000000000000000e+04
1.897300000000000000e+04
1.897600000000000000e+04
1.903500000000000000e+04
1.908100000000000000e+04
1.917100000000000000e+04
1.917700000000000000e+04
1.924200000000000000e+04
1.927100000000000000e+04
1.927300000000000000e+04
1.927900000000000000e+04
1.928300000000000000e+04
1.928400000000000000e+04
1.928700000000000000e+04
1.928900000000000000e+04
1.933300000000000000e+04
1.933400000000000000e+04
1.939400000000000000e+04
1.940600000000000000e+04
1.945100000000000000e+04
1.952300000000000000e+04
1.965800000000000000e+04
1.973300000000000000e+04
1.979200000000000000e+04
1.979300000000000000e+04
1.988900000000000000e+04
1.989100000000000000e+04
1.990400000000000000e+04
1.990600000000000000e+04
1.991500000000000000e+04
1.992400000000000000e+04
1.994000000000000000e+04
1.995900000000000000e+04
2.002900000000000000e+04
2.003700000000000000e+04
2.005100000000000000e+04
2.006400000000000000e+04
2.022400000000000000e+04
2.025800000000000000e+04
2.028200000000000000e+04
2.029200000000000000e+04
2.029300000000000000e+04
2.029700000000000000e+04
2.029800000000000000e+04
2.030200000000000000e+04
2.035000000000000000e+04
2.036400000000000000e+04
2.040200000000000000e+04
2.041300000000000000e+04
2.043700000000000000e+04
2.043800000000000000e+04
2.044700000000000000e+04
2.047800000000000000e+04
2.049900000000000000e+04
2.050900000000000000e+04
2.051000000000000000e+04
2.051600000000000000e+04
2.051700000000000000e+04
2.053300000000000000e+04
2.053700000000000000e+04
2.053800000000000000e+04
2.056100000000000000e+04
2.063300000000000000e+04
2.064800000000000000e+04
2.065000000000000000e+04
2.065500000000000000e+04
2.065700000000000000e+04
2.067500000000000000e+04
2.069100000000000000e+04
2.083100000000000000e+04
2.095400000000000000e+04
2.095600000000000000e+04
2.096400000000000000e+04
2.096800000000000000e+04
2.097000000000000000e+04
2.098000000000000000e+04
2.099900000000000000e+04
2.100000000000000000e+04
2.100100000000000000e+04
2.109800000000000000e+04
2.110000000000000000e+04
2.111400000000000000e+04
2.112000000000000000e+04
2.117800000000000000e+04
2.118300000000000000e+04
2.118800000000000000e+04
2.119000000000000000e+04
2.126200000000000000e+04
2.127200000000000000e+04
2.129300000000000000e+04
2.129600000000000000e+04
2.129700000000000000e+04
2.130100000000000000e+04
2.130200000000000000e+04
2.130800000000000000e+04
2.130900000000000000e+04
2.131300000000000000e+04
2.131700000000000000e+04
2.132300000000000000e+04
2.133200000000000000e+04
2.134700000000000000e+04
2.134900000000000000e+04
2.135000000000000000e+04
2.137100000000000000e+04
2.137400000000000000e+04
2.139500000000000000e+04
2.142200000000000000e+04
2.145300000000000000e+04
2.146200000000000000e+04
2.146700000000000000e+04
2.147400000000000000e+04
2.147500000000000000e+04
2.149500000000000000e+04
2.149900000000000000e+04
2.150100000000000000e+04
2.151700000000000000e+04
2.154000000000000000e+04
2.154400000000000000e+04
2.154600000000000000e+04
2.155400000000000000e+04
2.157400000000000000e+04
2.159800000000000000e+04
2.160000000000000000e+04
2.161200000000000000e+04
2.162700000000000000e+04
2.163300000000000000e+04
2.163800000000000000e+04
2.164000000000000000e+04
2.165300000000000000e+04
2.166300000000000000e+04
2.166400000000000000e+04
2.167500000000000000e+04
2.168100000000000000e+04
2.168200000000000000e+04
2.168900000000000000e+04
2.171500000000000000e+04
2.172200000000000000e+04
2.173200000000000000e+04
2.173700000000000000e+04
2.173800000000000000e+04
2.174000000000000000e+04
2.174300000000000000e+04
2.174600000000000000e+04
2.174700000000000000e+04
2.176700000000000000e+04
2.176900000000000000e+04
2.177800000000000000e+04
2.178100000000000000e+04
2.179900000000000000e+04
2.180100000000000000e+04
2.180600000000000000e+04
2.181800000000000000e+04
2.183300000000000000e+04
2.186100000000000000e+04
2.186200000000000000e+04
2.186900000000000000e+04
2.187500000000000000e+04
2.187600000000000000e+04
2.187700000000000000e+04
2.188600000000000000e+04
2.188700000000000000e+04
2.188900000000000000e+04
2.189000000000000000e+04
2.190400000000000000e+04
2.190600000000000000e+04
2.194600000000000000e+04
2.195100000000000000e+04
2.195300000000000000e+04
2.195400000000000000e+04
2.197400000000000000e+04
2.197500000000000000e+04
2.201200000000000000e+04
2.206200000000000000e+04
2.206800000000000000e+04
2.207000000000000000e+04
2.208800000000000000e+04
2.212600000000000000e+04
2.213800000000000000e+04
2.214100000000000000e+04
2.217600000000000000e+04
2.218300000000000000e+04
2.218400000000000000e+04
2.218800000000000000e+04
2.219900000000000000e+04
2.220100000000000000e+04
2.220200000000000000e+04
2.220500000000000000e+04
2.221500000000000000e+04
2.221600000000000000e+04
2.221700000000000000e+04
2.222400000000000000e+04
2.223100000000000000e+04
2.225200000000000000e+04
2.225400000000000000e+04
2.225500000000000000e+04
2.226800000000000000e+04
2.227000000000000000e+04
2.227700000000000000e+04
2.228000000000000000e+04
2.229100000000000000e+04
2.229400000000000000e+04
2.229800000000000000e+04
2.230500000000000000e+04
2.231900000000000000e+04
2.233500000000000000e+04
2.233700000000000000e+04
2.234700000000000000e+04
2.235900000000000000e+04
2.236100000000000000e+04
2.237100000000000000e+04
2.238400000000000000e+04
2.238500000000000000e+04
2.238900000000000000e+04
2.239300000000000000e+04
2.242600000000000000e+04
2.244900000000000000e+04
2.246600000000000000e+04
2.246800000000000000e+04
2.247100000000000000e+04
2.247600000000000000e+04
2.248000000000000000e+04
2.250700000000000000e+04
2.250900000000000000e+04
2.251800000000000000e+04
2.252200000000000000e+04
2.255400000000000000e+04
2.255600000000000000e+04
2.255800000000000000e+04
2.256600000000000000e+04
2.257300000000000000e+04
2.257400000000000000e+04
2.258400000000000000e+04
2.259000000000000000e+04
2.259100000000000000e+04
2.268500000000000000e+04
2.268800000000000000e+04
2.269000000000000000e+04
2.273600000000000000e+04
2.273800000000000000e+04
2.274000000000000000e+04
2.274600000000000000e+04
2.275100000000000000e+04
2.275300000000000000e+04
2.275400000000000000e+04
2.276500000000000000e+04
2.276700000000000000e+04
2.279200000000000000e+04
2.280000000000000000e+04
2.280600000000000000e+04
2.281900000000000000e+04
2.282000000000000000e+04
2.283600000000000000e+04
2.300200000000000000e+04
2.300900000000000000e+04
2.304100000000000000e+04
2.308400000000000000e+04
2.312000000000000000e+04
2.312100000000000000e+04
2.317600000000000000e+04
2.329000000000000000e+04
2.335800000000000000e+04
2.336100000000000000e+04
2.337300000000000000e+04
2.339200000000000000e+04
2.340700000000000000e+04
2.341200000000000000e+04
2.341500000000000000e+04
2.342500000000000000e+04
2.343700000000000000e+04
2.344000000000000000e+04
2.344900000000000000e+04
2.346000000000000000e+04
2.346100000000000000e+04
2.346200000000000000e+04
2.346900000000000000e+04
2.379900000000000000e+04
2.380000000000000000e+04
2.380300000000000000e+04
2.386000000000000000e+04
2.388700000000000000e+04
2.390800000000000000e+04
2.399800000000000000e+04
2.400700000000000000e+04
2.410600000000000000e+04
2.411700000000000000e+04
2.412900000000000000e+04
2.414600000000000000e+04
2.414900000000000000e+04
2.416400000000000000e+04
2.416500000000000000e+04
2.419500000000000000e+04
2.420800000000000000e+04
2.421000000000000000e+04
2.421500000000000000e+04
2.422300000000000000e+04
2.424600000000000000e+04
2.428100000000000000e+04
2.430400000000000000e+04
2.431400000000000000e+04
2.434600000000000000e+04
2.434800000000000000e+04
2.435300000000000000e+04
2.435700000000000000e+04
2.436300000000000000e+04
2.438300000000000000e+04
2.438500000000000000e+04
2.438700000000000000e+04
2.440800000000000000e+04
2.441400000000000000e+04
2.441900000000000000e+04
2.445200000000000000e+04
2.445300000000000000e+04
2.447000000000000000e+04
2.447500000000000000e+04
2.447800000000000000e+04
2.449200000000000000e+04
2.449600000000000000e+04
2.451200000000000000e+04
2.452900000000000000e+04
2.455500000000000000e+04
2.455900000000000000e+04
2.459700000000000000e+04
2.463200000000000000e+04
2.464100000000000000e+04
2.464500000000000000e+04
2.466800000000000000e+04
2.470200000000000000e+04
2.471500000000000000e+04
2.472200000000000000e+04
2.478100000000000000e+04
2.478400000000000000e+04
2.478500000000000000e+04
2.481400000000000000e+04
2.481700000000000000e+04
2.482600000000000000e+04
2.485100000000000000e+04
2.485200000000000000e+04
2.496900000000000000e+04
2.498100000000000000e+04
2.498200000000000000e+04
2.498300000000000000e+04
2.499600000000000000e+04
2.503400000000000000e+04
2.509400000000000000e+04
2.510800000000000000e+04
2.512900000000000000e+04
2.515700000000000000e+04
2.518200000000000000e+04
2.518700000000000000e+04
2.518800000000000000e+04
2.522500000000000000e+04
2.527800000000000000e+04
2.531200000000000000e+04
2.537900000000000000e+04
2.538200000000000000e+04
2.539000000000000000e+04
2.539700000000000000e+04
2.540900000000000000e+04
2.541100000000000000e+04
2.542400000000000000e+04
2.542700000000000000e+04
2.543200000000000000e+04
2.543300000000000000e+04
2.545200000000000000e+04
2.546100000000000000e+04
2.546400000000000000e+04
2.547100000000000000e+04
2.548000000000000000e+04
2.550500000000000000e+04
2.550600000000000000e+04
2.550700000000000000e+04
2.551600000000000000e+04
2.551900000000000000e+04
2.552600000000000000e+04
2.554500000000000000e+04
2.555800000000000000e+04
2.556400000000000000e+04
2.557800000000000000e+04
2.565300000000000000e+04
2.570300000000000000e+04
2.570900000000000000e+04
2.571100000000000000e+04
2.571900000000000000e+04
2.574000000000000000e+04
2.575000000000000000e+04
2.577400000000000000e+04
2.577900000000000000e+04
2.578600000000000000e+04
2.579000000000000000e+04
2.579300000000000000e+04
2.579400000000000000e+04
2.589100000000000000e+04
2.592500000000000000e+04
2.593200000000000000e+04
2.593600000000000000e+04
2.594200000000000000e+04
2.595100000000000000e+04
2.595700000000000000e+04
2.595900000000000000e+04
2.596100000000000000e+04
2.596800000000000000e+04
2.597300000000000000e+04
2.597400000000000000e+04
2.598000000000000000e+04
2.598700000000000000e+04
2.598800000000000000e+04
2.599700000000000000e+04
2.603400000000000000e+04
2.608600000000000000e+04
2.609200000000000000e+04
2.610300000000000000e+04
2.610600000000000000e+04
2.612600000000000000e+04
2.614000000000000000e+04
2.614800000000000000e+04
2.615500000000000000e+04
2.615600000000000000e+04
2.617500000000000000e+04
2.620800000000000000e+04
2.627000000000000000e+04
2.627400000000000000e+04
2.627800000000000000e+04
2.628100000000000000e+04
2.631200000000000000e+04
2.638500000000000000e+04
2.640400000000000000e+04
2.645000000000000000e+04
2.645300000000000000e+04
2.645400000000000000e+04
2.646300000000000000e+04
2.648000000000000000e+04
2.648500000000000000e+04
2.656700000000000000e+04
2.658400000000000000e+04
2.659000000000000000e+04
2.659300000000000000e+04
2.659700000000000000e+04
2.667900000000000000e+04
2.679100000000000000e+04
2.679300000000000000e+04
2.684000000000000000e+04
2.684100000000000000e+04
2.690100000000000000e+04
2.692100000000000000e+04
2.693000000000000000e+04
2.693500000000000000e+04
2.694400000000000000e+04
2.697200000000000000e+04
2.698700000000000000e+04
2.699400000000000000e+04
2.700100000000000000e+04
2.701800000000000000e+04
2.702200000000000000e+04
2.703200000000000000e+04
2.708200000000000000e+04
2.710500000000000000e+04
2.710800000000000000e+04
2.712600000000000000e+04
2.713200000000000000e+04
2.713300000000000000e+04
2.713700000000000000e+04
2.716300000000000000e+04
2.725500000000000000e+04
2.725900000000000000e+04
2.726400000000000000e+04
2.726500000000000000e+04
2.727300000000000000e+04
2.727500000000000000e+04
2.728000000000000000e+04
2.728200000000000000e+04
2.728300000000000000e+04
2.728800000000000000e+04
2.728900000000000000e+04
2.732500000000000000e+04
2.732700000000000000e+04
2.734900000000000000e+04
2.739200000000000000e+04
2.739300000000000000e+04
2.749700000000000000e+04
2.750500000000000000e+04
2.754400000000000000e+04
2.758200000000000000e+04
2.758300000000000000e+04
2.761600000000000000e+04
2.764100000000000000e+04
2.765100000000000000e+04
2.765200000000000000e+04
2.765800000000000000e+04
2.768000000000000000e+04
2.768500000000000000e+04
2.773900000000000000e+04
2.784000000000000000e+04
2.784100000000000000e+04
2.784500000000000000e+04
2.785300000000000000e+04
2.785400000000000000e+04
2.786500000000000000e+04
2.792300000000000000e+04
2.792700000000000000e+04
2.792800000000000000e+04
2.797600000000000000e+04
2.800500000000000000e+04
2.801800000000000000e+04
2.804300000000000000e+04
2.811100000000000000e+04
2.812100000000000000e+04
2.813100000000000000e+04
2.813300000000000000e+04
2.815300000000000000e+04
2.816000000000000000e+04
2.817100000000000000e+04
2.817700000000000000e+04
2.818800000000000000e+04
2.820400000000000000e+04
2.821000000000000000e+04
2.822100000000000000e+04
2.828400000000000000e+04
2.829100000000000000e+04
2.829200000000000000e+04
2.829300000000000000e+04
2.841000000000000000e+04
2.846400000000000000e+04
2.847200000000000000e+04
2.848600000000000000e+04
2.854000000000000000e+04
2.854800000000000000e+04
2.858300000000000000e+04
2.860500000000000000e+04
2.861100000000000000e+04
2.861300000000000000e+04
2.863100000000000000e+04
2.863400000000000000e+04
2.870800000000000000e+04
2.870900000000000000e+04
2.871100000000000000e+04
2.875600000000000000e+04
2.876300000000000000e+04
2.876700000000000000e+04
2.885400000000000000e+04
2.886000000000000000e+04
2.888100000000000000e+04
2.890000000000000000e+04
2.891500000000000000e+04
2.896400000000000000e+04
2.897700000000000000e+04
2.897800000000000000e+04
2.909400000000000000e+04
2.915300000000000000e+04
2.919900000000000000e+04
2.922100000000000000e+04
2.922500000000000000e+04
2.924600000000000000e+04
2.928100000000000000e+04
2.928900000000000000e+04
2.931400000000000000e+04
2.934700000000000000e+04
2.934800000000000000e+04
2.935300000000000000e+04
2.937000000000000000e+04
2.939900000000000000e+04
2.942200000000000000e+04
2.942300000000000000e+04
2.943300000000000000e+04
2.951500000000000000e+04
2.952000000000000000e+04
2.952100000000000000e+04
2.952500000000000000e+04
2.956300000000000000e+04
2.956600000000000000e+04
2.957100000000000000e+04
2.957900000000000000e+04
2.959900000000000000e+04
2.960000000000000000e+04
2.960100000000000000e+04
2.966400000000000000e+04
2.967800000000000000e+04
2.969000000000000000e+04
2.969400000000000000e+04
2.969700000000000000e+04
2.969900000000000000e+04
2.970700000000000000e+04
2.970900000000000000e+04
2.971000000000000000e+04
2.971500000000000000e+04
2.972400000000000000e+04
2.972800000000000000e+04
2.973400000000000000e+04
2.973600000000000000e+04
2.973900000000000000e+04
2.974200000000000000e+04
2.974700000000000000e+04
2.975100000000000000e+04
2.975600000000000000e+04
2.976200000000000000e+04
2.977200000000000000e+04
2.978300000000000000e+04
2.981800000000000000e+04
2.982500000000000000e+04
2.982600000000000000e+04
2.982900000000000000e+04
2.987800000000000000e+04
2.988800000000000000e+04
2.990500000000000000e+04
2.991100000000000000e+04
2.991200000000000000e+04
3.002800000000000000e+04
3.004500000000000000e+04
3.008100000000000000e+04
3.010100000000000000e+04
3.010200000000000000e+04
3.011400000000000000e+04
3.015700000000000000e+04
3.017100000000000000e+04
3.017200000000000000e+04
3.019700000000000000e+04
3.020800000000000000e+04
3.023200000000000000e+04
3.023700000000000000e+04
3.024300000000000000e+04
3.024500000000000000e+04
3.028100000000000000e+04
3.029100000000000000e+04
3.029900000000000000e+04
3.030000000000000000e+04
3.032700000000000000e+04
3.034000000000000000e+04
3.034200000000000000e+04
3.037900000000000000e+04
3.038000000000000000e+04
3.038200000000000000e+04
3.038900000000000000e+04
3.039200000000000000e+04
3.039300000000000000e+04
3.039400000000000000e+04
3.041800000000000000e+04
3.048000000000000000e+04
3.048700000000000000e+04
3.048900000000000000e+04
3.058600000000000000e+04
3.069000000000000000e+04
3.069100000000000000e+04
3.069800000000000000e+04
3.081200000000000000e+04
3.083000000000000000e+04
3.083900000000000000e+04
3.084700000000000000e+04
3.085000000000000000e+04
3.086300000000000000e+04
3.086400000000000000e+04
3.087500000000000000e+04
3.096800000000000000e+04
3.103400000000000000e+04
3.105000000000000000e+04
3.107000000000000000e+04
3.108400000000000000e+04
3.110000000000000000e+04
3.112500000000000000e+04
3.114300000000000000e+04
3.116000000000000000e+04
3.118200000000000000e+04
3.118600000000000000e+04
3.119200000000000000e+04
3.119700000000000000e+04
3.122600000000000000e+04
3.124900000000000000e+04
3.126100000000000000e+04
3.127100000000000000e+04
3.127300000000000000e+04
3.128300000000000000e+04
3.128400000000000000e+04
3.130700000000000000e+04
3.132700000000000000e+04
3.136100000000000000e+04
3.138100000000000000e+04
3.138200000000000000e+04
3.138700000000000000e+04
3.138800000000000000e+04
3.140200000000000000e+04
3.140300000000000000e+04
3.141000000000000000e+04
3.142900000000000000e+04
3.150800000000000000e+04
3.156100000000000000e+04
3.157600000000000000e+04
3.158000000000000000e+04
3.163100000000000000e+04
3.163200000000000000e+04
3.165400000000000000e+04
3.166000000000000000e+04
3.166500000000000000e+04
3.167100000000000000e+04
3.168100000000000000e+04
3.168300000000000000e+04
3.170300000000000000e+04
3.171200000000000000e+04
3.172400000000000000e+04
3.173500000000000000e+04
3.174200000000000000e+04
3.175100000000000000e+04
3.177700000000000000e+04
3.177800000000000000e+04
3.177900000000000000e+04
3.181000000000000000e+04
3.183000000000000000e+04
3.187100000000000000e+04
3.187400000000000000e+04
3.187800000000000000e+04
3.188700000000000000e+04
3.188900000000000000e+04
3.189000000000000000e+04
3.192800000000000000e+04
3.193800000000000000e+04
3.194200000000000000e+04
3.194500000000000000e+04
3.194700000000000000e+04
3.195100000000000000e+04
3.195500000000000000e+04
3.196400000000000000e+04
3.196700000000000000e+04
3.197200000000000000e+04
3.197400000000000000e+04
3.198700000000000000e+04
3.198900000000000000e+04
3.208600000000000000e+04
3.221800000000000000e+04
3.221900000000000000e+04
3.223000000000000000e+04
3.225200000000000000e+04
3.225300000000000000e+04
3.225800000000000000e+04
3.230300000000000000e+04
3.242600000000000000e+04
3.243300000000000000e+04
3.244000000000000000e+04
3.244900000000000000e+04
3.245700000000000000e+04
3.245800000000000000e+04
3.246800000000000000e+04
3.247500000000000000e+04
3.247800000000000000e+04
3.248900000000000000e+04
3.249600000000000000e+04
3.250500000000000000e+04
3.251800000000000000e+04
3.253700000000000000e+04
3.255200000000000000e+04
3.259500000000000000e+04
3.269400000000000000e+04
3.269500000000000000e+04
3.270000000000000000e+04
3.271100000000000000e+04
3.271800000000000000e+04
3.273800000000000000e+04
3.274200000000000000e+04
3.275000000000000000e+04
3.286700000000000000e+04
3.287900000000000000e+04
3.293500000000000000e+04
3.293600000000000000e+04
3.296600000000000000e+04
3.299000000000000000e+04
3.299600000000000000e+04
3.299900000000000000e+04
3.300000000000000000e+04
3.303100000000000000e+04
3.303400000000000000e+04
3.304600000000000000e+04
3.305000000000000000e+04
3.306500000000000000e+04
3.306800000000000000e+04
3.307200000000000000e+04
3.308400000000000000e+04
3.308900000000000000e+04
3.309500000000000000e+04
3.310900000000000000e+04
3.311000000000000000e+04
3.311200000000000000e+04
3.311500000000000000e+04
3.311900000000000000e+04
3.314000000000000000e+04
3.316700000000000000e+04
3.322000000000000000e+04
3.323300000000000000e+04
3.323500000000000000e+04
3.324100000000000000e+04
3.332000000000000000e+04
3.333000000000000000e+04
3.334700000000000000e+04
3.337400000000000000e+04
3.338100000000000000e+04
3.338500000000000000e+04
3.338700000000000000e+04
3.339000000000000000e+04
3.339300000000000000e+04
3.341200000000000000e+04
3.341300000000000000e+04
3.341700000000000000e+04
3.342500000000000000e+04
3.342800000000000000e+04
3.343300000000000000e+04
3.345200000000000000e+04
3.347200000000000000e+04
3.348900000000000000e+04
3.350500000000000000e+04
3.350600000000000000e+04
3.352000000000000000e+04
3.353300000000000000e+04
3.353700000000000000e+04
3.353800000000000000e+04
3.354300000000000000e+04
3.354400000000000000e+04
3.357800000000000000e+04
3.358200000000000000e+04
3.358300000000000000e+04
3.358500000000000000e+04
3.358600000000000000e+04
3.359600000000000000e+04
3.360300000000000000e+04
3.360500000000000000e+04
3.361200000000000000e+04
3.361800000000000000e+04
3.362500000000000000e+04
3.364100000000000000e+04
3.364500000000000000e+04
3.364900000000000000e+04
3.365000000000000000e+04
3.365500000000000000e+04
3.365800000000000000e+04
3.366200000000000000e+04
3.366400000000000000e+04
3.366600000000000000e+04
3.367600000000000000e+04
3.367900000000000000e+04
3.369600000000000000e+04
3.370500000000000000e+04
3.370600000000000000e+04
3.372100000000000000e+04
3.372300000000000000e+04
3.372400000000000000e+04
3.372500000000000000e+04
3.373700000000000000e+04
3.374400000000000000e+04
3.374800000000000000e+04
3.375600000000000000e+04
3.375700000000000000e+04
3.376200000000000000e+04
3.376800000000000000e+04
3.377000000000000000e+04
3.378200000000000000e+04
3.378300000000000000e+04
3.378400000000000000e+04
3.379700000000000000e+04
3.383200000000000000e+04
3.383500000000000000e+04
3.383800000000000000e+04
3.384000000000000000e+04
3.384500000000000000e+04
3.385200000000000000e+04
3.385400000000000000e+04
3.386200000000000000e+04
3.386600000000000000e+04
3.388200000000000000e+04
3.388500000000000000e+04
3.389300000000000000e+04
3.390300000000000000e+04
3.390400000000000000e+04
3.391100000000000000e+04
3.391200000000000000e+04
3.393500000000000000e+04
3.393600000000000000e+04
3.394500000000000000e+04
3.395800000000000000e+04
3.396500000000000000e+04
3.397100000000000000e+04
3.397200000000000000e+04
3.397600000000000000e+04
3.398400000000000000e+04
3.399700000000000000e+04
3.402000000000000000e+04
3.402100000000000000e+04
3.402500000000000000e+04
3.402600000000000000e+04
3.403900000000000000e+04
3.404000000000000000e+04
3.404600000000000000e+04
3.405200000000000000e+04
3.405800000000000000e+04
3.408700000000000000e+04
3.410100000000000000e+04
3.411000000000000000e+04
3.411500000000000000e+04
3.411600000000000000e+04
3.412100000000000000e+04
3.412200000000000000e+04
3.413900000000000000e+04
3.415300000000000000e+04
3.416300000000000000e+04
3.417000000000000000e+04
3.418400000000000000e+04
3.418700000000000000e+04
3.419500000000000000e+04
3.420300000000000000e+04
3.420600000000000000e+04
3.421300000000000000e+04
3.421700000000000000e+04
3.422100000000000000e+04
3.422300000000000000e+04
3.423000000000000000e+04
3.423100000000000000e+04
3.425400000000000000e+04
3.433300000000000000e+04
3.433400000000000000e+04
3.434800000000000000e+04
3.444100000000000000e+04
3.444300000000000000e+04
3.445500000000000000e+04
3.446000000000000000e+04
3.446300000000000000e+04
3.446500000000000000e+04
3.446600000000000000e+04
3.448200000000000000e+04
3.448600000000000000e+04
3.451300000000000000e+04
3.451500000000000000e+04
3.451900000000000000e+04
3.452600000000000000e+04
3.453400000000000000e+04
3.458200000000000000e+04
3.469000000000000000e+04
3.471000000000000000e+04
3.474400000000000000e+04
3.475800000000000000e+04
3.479600000000000000e+04
3.480500000000000000e+04
3.483100000000000000e+04
3.483900000000000000e+04
3.485100000000000000e+04
3.489700000000000000e+04
3.491400000000000000e+04
3.491500000000000000e+04
3.492300000000000000e+04
3.492500000000000000e+04
3.500600000000000000e+04
3.501400000000000000e+04
3.502300000000000000e+04
3.505000000000000000e+04
3.506300000000000000e+04
3.507000000000000000e+04
3.507600000000000000e+04
3.508700000000000000e+04
3.509900000000000000e+04
3.511000000000000000e+04
3.512100000000000000e+04
3.512800000000000000e+04
3.517000000000000000e+04
3.517800000000000000e+04
3.519000000000000000e+04
3.519200000000000000e+04
3.521000000000000000e+04
3.521700000000000000e+04
3.521800000000000000e+04
3.521900000000000000e+04
3.522400000000000000e+04
3.522600000000000000e+04
3.522800000000000000e+04
3.523100000000000000e+04
3.530400000000000000e+04
3.530700000000000000e+04
3.531600000000000000e+04
3.531900000000000000e+04
3.532300000000000000e+04
3.532700000000000000e+04
3.534300000000000000e+04
3.534800000000000000e+04
3.536100000000000000e+04
3.536900000000000000e+04
3.538600000000000000e+04
3.539900000000000000e+04
3.540000000000000000e+04
3.540800000000000000e+04
3.540900000000000000e+04
3.541500000000000000e+04
3.544600000000000000e+04
3.545300000000000000e+04
3.545400000000000000e+04
3.545500000000000000e+04
3.545600000000000000e+04
3.545900000000000000e+04
3.546400000000000000e+04
3.549900000000000000e+04
3.550400000000000000e+04
3.550500000000000000e+04
3.551900000000000000e+04
3.553800000000000000e+04
3.556600000000000000e+04
3.557300000000000000e+04
3.557600000000000000e+04
3.557700000000000000e+04
3.559200000000000000e+04
3.559500000000000000e+04
3.559900000000000000e+04
3.560300000000000000e+04
3.561600000000000000e+04
3.563200000000000000e+04
3.563300000000000000e+04
3.564200000000000000e+04
3.564300000000000000e+04
3.564800000000000000e+04
3.564900000000000000e+04
3.565600000000000000e+04
3.566200000000000000e+04
3.567200000000000000e+04
3.567600000000000000e+04
3.567800000000000000e+04
3.567900000000000000e+04
3.569500000000000000e+04
3.571000000000000000e+04
3.575600000000000000e+04
3.576500000000000000e+04
3.578600000000000000e+04
3.579300000000000000e+04
3.579400000000000000e+04
3.584300000000000000e+04
3.587400000000000000e+04
3.588900000000000000e+04
3.589000000000000000e+04
3.589100000000000000e+04
3.589200000000000000e+04
3.592300000000000000e+04
3.592500000000000000e+04
3.594200000000000000e+04
3.594300000000000000e+04
3.594800000000000000e+04
3.594900000000000000e+04
3.596800000000000000e+04
3.596900000000000000e+04
3.599700000000000000e+04
3.599800000000000000e+04
3.601100000000000000e+04
3.601200000000000000e+04
3.601700000000000000e+04
3.604100000000000000e+04
3.604400000000000000e+04
3.604600000000000000e+04
3.604800000000000000e+04
3.605300000000000000e+04
3.605700000000000000e+04
3.606400000000000000e+04
3.607500000000000000e+04
3.608100000000000000e+04
3.608400000000000000e+04
3.608700000000000000e+04
3.608800000000000000e+04
3.609800000000000000e+04
3.610700000000000000e+04
3.612100000000000000e+04
3.612600000000000000e+04
3.613300000000000000e+04
3.614400000000000000e+04
3.614600000000000000e+04
3.614700000000000000e+04
3.615000000000000000e+04
3.615500000000000000e+04
3.616100000000000000e+04
3.616700000000000000e+04
3.617100000000000000e+04
3.617600000000000000e+04
3.617800000000000000e+04
3.618600000000000000e+04
3.619000000000000000e+04
3.619900000000000000e+04
3.620400000000000000e+04
3.620800000000000000e+04
3.622100000000000000e+04
3.622700000000000000e+04
3.623200000000000000e+04
3.624100000000000000e+04
3.626600000000000000e+04
3.627400000000000000e+04
3.631700000000000000e+04
3.632000000000000000e+04
3.632700000000000000e+04
3.632800000000000000e+04
3.634000000000000000e+04
3.634900000000000000e+04
3.636600000000000000e+04
3.636700000000000000e+04
3.637100000000000000e+04
3.638000000000000000e+04
3.647600000000000000e+04
3.649700000000000000e+04
3.650400000000000000e+04
3.651400000000000000e+04
3.651900000000000000e+04
3.652300000000000000e+04
3.654000000000000000e+04
3.654400000000000000e+04
3.655500000000000000e+04
3.656700000000000000e+04
3.661200000000000000e+04
3.664800000000000000e+04
3.665400000000000000e+04
3.665600000000000000e+04
3.665800000000000000e+04
3.666000000000000000e+04
3.670500000000000000e+04
3.670700000000000000e+04
3.671300000000000000e+04
3.671500000000000000e+04
3.678400000000000000e+04
3.680300000000000000e+04
3.693200000000000000e+04
3.695900000000000000e+04
3.696000000000000000e+04
3.696800000000000000e+04
3.710800000000000000e+04
3.713200000000000000e+04
3.716200000000000000e+04
3.716700000000000000e+04
3.716900000000000000e+04
3.719100000000000000e+04
3.720900000000000000e+04
3.721300000000000000e+04
3.721500000000000000e+04
3.722400000000000000e+04
3.728800000000000000e+04
3.729500000000000000e+04
3.729600000000000000e+04
3.729900000000000000e+04
3.743100000000000000e+04
3.751600000000000000e+04
3.752400000000000000e+04
3.753100000000000000e+04
3.753200000000000000e+04
3.754100000000000000e+04
3.754200000000000000e+04
3.754600000000000000e+04
3.754800000000000000e+04
3.754900000000000000e+04
3.755700000000000000e+04
3.756500000000000000e+04
3.757400000000000000e+04
3.757600000000000000e+04
3.759800000000000000e+04
3.760700000000000000e+04
3.761400000000000000e+04
3.761500000000000000e+04
3.761700000000000000e+04
3.761900000000000000e+04
3.762700000000000000e+04
3.763900000000000000e+04
3.764300000000000000e+04
3.766900000000000000e+04
3.767200000000000000e+04
3.767500000000000000e+04
3.768300000000000000e+04
3.768800000000000000e+04
3.770400000000000000e+04
3.773000000000000000e+04
3.773600000000000000e+04
3.776700000000000000e+04
3.777200000000000000e+04
3.779700000000000000e+04
3.780100000000000000e+04
3.781000000000000000e+04
3.781200000000000000e+04
3.782100000000000000e+04
3.783300000000000000e+04
3.783400000000000000e+04
3.785000000000000000e+04
3.786700000000000000e+04
3.787400000000000000e+04
3.792600000000000000e+04
3.793100000000000000e+04
3.793700000000000000e+04
3.794400000000000000e+04
3.794600000000000000e+04
3.797000000000000000e+04
3.797200000000000000e+04
3.797600000000000000e+04
3.798400000000000000e+04
3.798900000000000000e+04
3.799400000000000000e+04
3.815400000000000000e+04
3.816200000000000000e+04
3.816400000000000000e+04
3.816800000000000000e+04
3.817700000000000000e+04
3.817800000000000000e+04
3.818700000000000000e+04
3.819100000000000000e+04
3.820400000000000000e+04
3.821000000000000000e+04
3.821400000000000000e+04
3.823300000000000000e+04
3.824700000000000000e+04
3.825300000000000000e+04
3.825700000000000000e+04
3.825800000000000000e+04
3.826000000000000000e+04
3.827000000000000000e+04
3.827700000000000000e+04
3.828300000000000000e+04
3.828800000000000000e+04
3.828900000000000000e+04
3.829800000000000000e+04
3.829900000000000000e+04
3.830900000000000000e+04
3.833600000000000000e+04
3.833900000000000000e+04
3.834100000000000000e+04
3.835500000000000000e+04
3.835600000000000000e+04
3.837600000000000000e+04
3.839100000000000000e+04
3.839200000000000000e+04
3.839500000000000000e+04
3.839800000000000000e+04
3.844400000000000000e+04
3.845100000000000000e+04
3.846400000000000000e+04
3.846700000000000000e+04
3.846900000000000000e+04
3.847800000000000000e+04
3.848100000000000000e+04
3.848300000000000000e+04
3.870000000000000000e+04
3.875600000000000000e+04
3.875800000000000000e+04
3.876400000000000000e+04
3.876500000000000000e+04
3.878400000000000000e+04
3.880200000000000000e+04
3.880300000000000000e+04
3.883300000000000000e+04
3.883900000000000000e+04
3.885600000000000000e+04
3.887400000000000000e+04
3.887700000000000000e+04
3.890200000000000000e+04
3.890300000000000000e+04
3.891600000000000000e+04
3.893700000000000000e+04
3.894500000000000000e+04
3.896600000000000000e+04
3.900300000000000000e+04
3.900800000000000000e+04
3.942300000000000000e+04
3.954500000000000000e+04
3.960400000000000000e+04
3.960800000000000000e+04
3.964200000000000000e+04
3.966000000000000000e+04
3.968100000000000000e+04
3.968800000000000000e+04
3.969700000000000000e+04
3.969800000000000000e+04
3.970700000000000000e+04
3.971200000000000000e+04
3.974500000000000000e+04
3.975000000000000000e+04
3.975500000000000000e+04
3.975800000000000000e+04
3.976600000000000000e+04
3.977300000000000000e+04
3.978900000000000000e+04
3.981500000000000000e+04
3.982500000000000000e+04
3.984900000000000000e+04
3.989400000000000000e+04
3.989500000000000000e+04
3.990700000000000000e+04
3.994100000000000000e+04
3.994300000000000000e+04
3.995400000000000000e+04
3.995500000000000000e+04
3.995600000000000000e+04
3.999900000000000000e+04
4.000100000000000000e+04
4.001300000000000000e+04
4.003900000000000000e+04
4.004000000000000000e+04
4.004400000000000000e+04
4.005300000000000000e+04
4.005700000000000000e+04
4.005800000000000000e+04
4.006000000000000000e+04
4.006300000000000000e+04
4.006500000000000000e+04
4.007600000000000000e+04
4.025200000000000000e+04
4.027100000000000000e+04
4.028100000000000000e+04
4.029100000000000000e+04
4.029400000000000000e+04
4.032600000000000000e+04
4.032800000000000000e+04
4.032900000000000000e+04
4.033900000000000000e+04
4.036200000000000000e+04
4.038900000000000000e+04
4.048600000000000000e+04
4.050100000000000000e+04
4.050200000000000000e+04
4.054300000000000000e+04
4.060800000000000000e+04
4.061000000000000000e+04
4.062600000000000000e+04
4.063300000000000000e+04
4.064000000000000000e+04
4.065100000000000000e+04
4.066100000000000000e+04
4.067500000000000000e+04
4.070100000000000000e+04
4.070200000000000000e+04
4.071700000000000000e+04
4.071800000000000000e+04
4.072500000000000000e+04
4.072600000000000000e+04
4.074000000000000000e+04
4.074200000000000000e+04
4.074400000000000000e+04
4.076600000000000000e+04
4.084200000000000000e+04
4.084500000000000000e+04
4.085000000000000000e+04
4.085100000000000000e+04
4.086900000000000000e+04
4.087600000000000000e+04
4.089500000000000000e+04
4.094900000000000000e+04
4.095200000000000000e+04
4.095300000000000000e+04
4.100700000000000000e+04
4.109000000000000000e+04
4.110700000000000000e+04
4.111300000000000000e+04
4.119000000000000000e+04
4.119200000000000000e+04
4.120100000000000000e+04
4.122100000000000000e+04
4.123700000000000000e+04
4.130500000000000000e+04
4.132500000000000000e+04
4.134600000000000000e+04
4.135600000000000000e+04
4.136000000000000000e+04
4.139400000000000000e+04
4.140600000000000000e+04
4.140700000000000000e+04
4.143000000000000000e+04
4.146800000000000000e+04
4.148600000000000000e+04
4.154500000000000000e+04
4.154600000000000000e+04
4.155000000000000000e+04
4.155200000000000000e+04
4.157200000000000000e+04
4.164100000000000000e+04
4.164200000000000000e+04
4.164700000000000000e+04
4.166600000000000000e+04
4.168400000000000000e+04
4.168600000000000000e+04
4.169400000000000000e+04
4.169600000000000000e+04
4.170500000000000000e+04
4.171900000000000000e+04
4.172600000000000000e+04
4.172800000000000000e+04
4.175600000000000000e+04
4.176000000000000000e+04
4.176800000000000000e+04
4.177500000000000000e+04
4.178400000000000000e+04
4.180100000000000000e+04
4.181400000000000000e+04
4.184000000000000000e+04
4.185800000000000000e+04
4.186600000000000000e+04
4.187100000000000000e+04
4.187700000000000000e+04
4.189000000000000000e+04
4.190000000000000000e+04
4.190200000000000000e+04
4.193900000000000000e+04
4.202000000000000000e+04
4.208500000000000000e+04
4.214700000000000000e+04
4.230100000000000000e+04
4.230200000000000000e+04
4.234900000000000000e+04
4.235000000000000000e+04
4.242000000000000000e+04
4.242100000000000000e+04
4.242300000000000000e+04
4.247700000000000000e+04
4.254200000000000000e+04
4.257700000000000000e+04
4.259000000000000000e+04
4.262500000000000000e+04
4.263900000000000000e+04
4.264700000000000000e+04
4.264800000000000000e+04
4.266200000000000000e+04
4.266500000000000000e+04
4.267600000000000000e+04
4.270400000000000000e+04
4.270500000000000000e+04
4.271100000000000000e+04
4.271300000000000000e+04
4.271700000000000000e+04
4.277000000000000000e+04
4.279700000000000000e+04
4.283400000000000000e+04
4.283800000000000000e+04
4.286200000000000000e+04
4.286900000000000000e+04
4.288800000000000000e+04
4.289500000000000000e+04
4.289700000000000000e+04
4.292100000000000000e+04
4.296300000000000000e+04
4.296800000000000000e+04
4.299200000000000000e+04
4.299900000000000000e+04
4.300100000000000000e+04
4.301400000000000000e+04
4.301500000000000000e+04
4.301800000000000000e+04
4.302100000000000000e+04
4.303300000000000000e+04
4.303700000000000000e+04
4.305800000000000000e+04
4.306300000000000000e+04
4.307500000000000000e+04
4.307600000000000000e+04
4.307900000000000000e+04
4.308000000000000000e+04
4.308400000000000000e+04
4.309100000000000000e+04
4.309200000000000000e+04
4.310700000000000000e+04
4.311000000000000000e+04
4.315400000000000000e+04
4.316000000000000000e+04
4.316500000000000000e+04
4.317500000000000000e+04
4.317600000000000000e+04
4.318400000000000000e+04
4.320800000000000000e+04
4.321500000000000000e+04
4.324700000000000000e+04
4.324800000000000000e+04
4.326400000000000000e+04
4.327300000000000000e+04
4.329200000000000000e+04
4.329300000000000000e+04
4.331500000000000000e+04
4.331700000000000000e+04
4.331900000000000000e+04
4.332100000000000000e+04
4.332200000000000000e+04
4.333000000000000000e+04
4.333500000000000000e+04
4.334600000000000000e+04
4.336500000000000000e+04
4.338600000000000000e+04
4.338700000000000000e+04
4.338800000000000000e+04
4.339000000000000000e+04
4.339300000000000000e+04
4.340200000000000000e+04
4.340600000000000000e+04
4.344200000000000000e+04
4.344500000000000000e+04
4.345600000000000000e+04
4.346000000000000000e+04
4.346400000000000000e+04
4.347500000000000000e+04
4.347700000000000000e+04
4.347900000000000000e+04
4.348200000000000000e+04
4.350100000000000000e+04
4.350900000000000000e+04
4.351000000000000000e+04
4.352500000000000000e+04
4.353300000000000000e+04
4.355600000000000000e+04
4.356400000000000000e+04
4.356500000000000000e+04
4.357900000000000000e+04
4.358300000000000000e+04
4.358600000000000000e+04
4.358800000000000000e+04
4.359800000000000000e+04
4.360000000000000000e+04
4.360200000000000000e+04
4.360300000000000000e+04
4.360800000000000000e+04
4.362300000000000000e+04
4.363300000000000000e+04
4.364200000000000000e+04
4.369700000000000000e+04
4.372200000000000000e+04
4.372300000000000000e+04
4.373000000000000000e+04
4.375800000000000000e+04
4.378100000000000000e+04
4.379500000000000000e+04
4.381100000000000000e+04
4.390100000000000000e+04
4.408500000000000000e+04
4.413600000000000000e+04
4.421400000000000000e+04
4.423900000000000000e+04
4.424000000000000000e+04
4.424100000000000000e+04
4.424200000000000000e+04
4.424300000000000000e+04
4.426500000000000000e+04
4.437600000000000000e+04
4.445300000000000000e+04
