4.510000000000000000e+02
4.790000000000000000e+02
5.620000000000000000e+02
5.980000000000000000e+02
6.070000000000000000e+02
6.450000000000000000e+02
6.920000000000000000e+02
7.510000000000000000e+02
8.160000000000000000e+02
8.170000000000000000e+02
8.380000000000000000e+02
8.390000000000000000e+02
8.410000000000000000e+02
8.640000000000000000e+02
9.040000000000000000e+02
9.060000000000000000e+02
9.250000000000000000e+02
9.390000000000000000e+02
9.800000000000000000e+02
1.015000000000000000e+03
1.016000000000000000e+03
1.028000000000000000e+03
1.053000000000000000e+03
1.198000000000000000e+03
1.284000000000000000e+03
1.401000000000000000e+03
1.430000000000000000e+03
1.480000000000000000e+03
1.594000000000000000e+03
1.730000000000000000e+03
1.758000000000000000e+03
1.802000000000000000e+03
1.893000000000000000e+03
1.894000000000000000e+03
1.901000000000000000e+03
1.904000000000000000e+03
1.920000000000000000e+03
2.003000000000000000e+03
2.011000000000000000e+03
2.012000000000000000e+03
2.021000000000000000e+03
2.145000000000000000e+03
2.201000000000000000e+03
2.204000000000000000e+03
2.206000000000000000e+03
2.269000000000000000e+03
2.408000000000000000e+03
2.522000000000000000e+03
2.797000000000000000e+03
2.806000000000000000e+03
2.865000000000000000e+03
2.868000000000000000e+03
2.908000000000000000e+03
2.917000000000000000e+03
2.954000000000000000e+03
2.972000000000000000e+03
2.976000000000000000e+03
2.977000000000000000e+03
3.119000000000000000e+03
3.262000000000000000e+03
3.342000000000000000e+03
3.424000000000000000e+03
3.450000000000000000e+03
3.462000000000000000e+03
3.503000000000000000e+03
3.521000000000000000e+03
3.664000000000000000e+03
3.823000000000000000e+03
3.826000000000000000e+03
3.830000000000000000e+03
4.015000000000000000e+03
4.030000000000000000e+03
4.052000000000000000e+03
4.130000000000000000e+03
4.132000000000000000e+03
4.238000000000000000e+03
4.288000000000000000e+03
4.294000000000000000e+03
4.295000000000000000e+03
4.544000000000000000e+03
4.556000000000000000e+03
4.764000000000000000e+03
5.291000000000000000e+03
5.292000000000000000e+03
6.033000000000000000e+03
6.104000000000000000e+03
6.110000000000000000e+03
6.246000000000000000e+03
6.326000000000000000e+03
6.348000000000000000e+03
6.408000000000000000e+03
6.432000000000000000e+03
6.487000000000000000e+03
6.539000000000000000e+03
6.558000000000000000e+03
6.562000000000000000e+03
6.569000000000000000e+03
6.627000000000000000e+03
6.633000000000000000e+03
6.635000000000000000e+03
6.637000000000000000e+03
6.668000000000000000e+03
6.768000000000000000e+03
6.891000000000000000e+03
7.042000000000000000e+03
7.307000000000000000e+03
7.308000000000000000e+03
7.354000000000000000e+03
7.355000000000000000e+03
7.804000000000000000e+03
7.857000000000000000e+03
7.860000000000000000e+03
8.128000000000000000e+03
8.140000000000000000e+03
8.165000000000000000e+03
8.201000000000000000e+03
8.214000000000000000e+03
8.519000000000000000e+03
8.566000000000000000e+03
8.568000000000000000e+03
8.585000000000000000e+03
8.702000000000000000e+03
8.704000000000000000e+03
8.728000000000000000e+03
8.790000000000000000e+03
8.791000000000000000e+03
8.830000000000000000e+03
8.834000000000000000e+03
8.844000000000000000e+03
8.852000000000000000e+03
8.855000000000000000e+03
8.862000000000000000e+03
8.880000000000000000e+03
8.886000000000000000e+03
8.892000000000000000e+03
8.915000000000000000e+03
8.922000000000000000e+03
8.931000000000000000e+03
8.942000000000000000e+03
8.950000000000000000e+03
8.960000000000000000e+03
8.964000000000000000e+03
8.986000000000000000e+03
8.987000000000000000e+03
8.992000000000000000e+03
9.035000000000000000e+03
9.055000000000000000e+03
9.096000000000000000e+03
9.165000000000000000e+03
9.182000000000000000e+03
9.206000000000000000e+03
9.223000000000000000e+03
9.234000000000000000e+03
9.253000000000000000e+03
9.259000000000000000e+03
9.281000000000000000e+03
9.304000000000000000e+03
9.322000000000000000e+03
9.324000000000000000e+03
9.343000000000000000e+03
9.353000000000000000e+03
9.359000000000000000e+03
9.366000000000000000e+03
9.373000000000000000e+03
9.380000000000000000e+03
9.396000000000000000e+03
9.413000000000000000e+03
9.414000000000000000e+03
9.473000000000000000e+03
9.481000000000000000e+03
9.482000000000000000e+03
9.493000000000000000e+03
9.519000000000000000e+03
9.592000000000000000e+03
9.735000000000000000e+03
9.747000000000000000e+03
9.762000000000000000e+03
9.779000000000000000e+03
9.845000000000000000e+03
9.974000000000000000e+03
9.980000000000000000e+03
9.994000000000000000e+03
9.996000000000000000e+03
1.011600000000000000e+04
1.011900000000000000e+04
1.036400000000000000e+04
1.036600000000000000e+04
1.037600000000000000e+04
1.040700000000000000e+04
1.044900000000000000e+04
1.045900000000000000e+04
1.048700000000000000e+04
1.049400000000000000e+04
1.049500000000000000e+04
1.055700000000000000e+04
1.058600000000000000e+04
1.067700000000000000e+04
1.072700000000000000e+04
1.074500000000000000e+04
1.077300000000000000e+04
1.083200000000000000e+04
1.084800000000000000e+04
1.089500000000000000e+04
1.094000000000000000e+04
1.097400000000000000e+04
1.097700000000000000e+04
1.109200000000000000e+04
1.112800000000000000e+04
1.115900000000000000e+04
1.120100000000000000e+04
1.124700000000000000e+04
1.124900000000000000e+04
1.134000000000000000e+04
1.142200000000000000e+04
1.144000000000000000e+04
1.144900000000000000e+04
1.173300000000000000e+04
1.174500000000000000e+04
1.175800000000000000e+04
1.179000000000000000e+04
1.179200000000000000e+04
1.179400000000000000e+04
1.181000000000000000e+04
1.181200000000000000e+04
1.192000000000000000e+04
1.194200000000000000e+04
1.196900000000000000e+04
1.202300000000000000e+04
1.210600000000000000e+04
1.214600000000000000e+04
1.215900000000000000e+04
1.221600000000000000e+04
1.223200000000000000e+04
1.231000000000000000e+04
1.232000000000000000e+04
1.234400000000000000e+04
1.239300000000000000e+04
1.245600000000000000e+04
1.246600000000000000e+04
1.250300000000000000e+04
1.251400000000000000e+04
1.251500000000000000e+04
1.255900000000000000e+04
1.265400000000000000e+04
1.272100000000000000e+04
1.321300000000000000e+04
1.322400000000000000e+04
1.322900000000000000e+04
1.324500000000000000e+04
1.330200000000000000e+04
1.337300000000000000e+04
1.337500000000000000e+04
1.342800000000000000e+04
1.344900000000000000e+04
1.345100000000000000e+04
1.345600000000000000e+04
1.355200000000000000e+04
1.357400000000000000e+04
1.357500000000000000e+04
1.360300000000000000e+04
1.367400000000000000e+04
1.371100000000000000e+04
1.372300000000000000e+04
1.376400000000000000e+04
1.381800000000000000e+04
1.386600000000000000e+04
1.389000000000000000e+04
1.393200000000000000e+04
1.395400000000000000e+04
1.405400000000000000e+04
1.407000000000000000e+04
1.418200000000000000e+04
1.418600000000000000e+04
1.420300000000000000e+04
1.420400000000000000e+04
1.421000000000000000e+04
1.428400000000000000e+04
1.431800000000000000e+04
1.434400000000000000e+04
1.438600000000000000e+04
1.447200000000000000e+04
1.466300000000000000e+04
1.480300000000000000e+04
1.482600000000000000e+04
1.483300000000000000e+04
1.492500000000000000e+04
1.494200000000000000e+04
1.497600000000000000e+04
1.497700000000000000e+04
1.500100000000000000e+04
1.500300000000000000e+04
1.501000000000000000e+04
1.501200000000000000e+04
1.501700000000000000e+04
1.506100000000000000e+04
1.516200000000000000e+04
1.516700000000000000e+04
1.518500000000000000e+04
1.531500000000000000e+04
1.531800000000000000e+04
1.535600000000000000e+04
1.537800000000000000e+04
1.540000000000000000e+04
1.540200000000000000e+04
1.542000000000000000e+04
1.544500000000000000e+04
1.544900000000000000e+04
1.560400000000000000e+04
1.560700000000000000e+04
1.565700000000000000e+04
1.565900000000000000e+04
1.568600000000000000e+04
1.569600000000000000e+04
1.569800000000000000e+04
1.571000000000000000e+04
1.575600000000000000e+04
1.583700000000000000e+04
1.583900000000000000e+04
1.584400000000000000e+04
1.590400000000000000e+04
1.590500000000000000e+04
1.590700000000000000e+04
1.591300000000000000e+04
1.591900000000000000e+04
1.592600000000000000e+04
1.593600000000000000e+04
1.595800000000000000e+04
1.596100000000000000e+04
1.597700000000000000e+04
1.599700000000000000e+04
1.607700000000000000e+04
1.612400000000000000e+04
1.614000000000000000e+04
1.614100000000000000e+04
1.615500000000000000e+04
1.621200000000000000e+04
1.621800000000000000e+04
1.625100000000000000e+04
1.627700000000000000e+04
1.631400000000000000e+04
1.637500000000000000e+04
1.645800000000000000e+04
1.673600000000000000e+04
1.681600000000000000e+04
1.682100000000000000e+04
1.702100000000000000e+04
1.717900000000000000e+04
1.718100000000000000e+04
1.720300000000000000e+04
1.757500000000000000e+04
1.757700000000000000e+04
1.759400000000000000e+04
1.772500000000000000e+04
1.775500000000000000e+04
1.775600000000000000e+04
1.777500000000000000e+04
1.782200000000000000e+04
1.800800000000000000e+04
1.803200000000000000e+04
1.817500000000000000e+04
1.818300000000000000e+04
1.818500000000000000e+04
1.818700000000000000e+04
1.820500000000000000e+04
1.821300000000000000e+04
1.822500000000000000e+04
1.828700000000000000e+04
1.840300000000000000e+04
1.860900000000000000e+04
1.887100000000000000e+04
1.887700000000000000e+04
1.891900000000000000e+04
1.892200000000000000e+04
1.908100000000000000e+04
1.928700000000000000e+04
1.952300000000000000e+04
1.973300000000000000e+04
2.022400000000000000e+04
2.029200000000000000e+04
2.029300000000000000e+04
2.049900000000000000e+04
2.056100000000000000e+04
2.067500000000000000e+04
2.095400000000000000e+04
2.096800000000000000e+04
2.097000000000000000e+04
2.109800000000000000e+04
2.111400000000000000e+04
2.112000000000000000e+04
2.118800000000000000e+04
2.119000000000000000e+04
2.126200000000000000e+04
2.130100000000000000e+04
2.130200000000000000e+04
2.130800000000000000e+04
2.132300000000000000e+04
2.139500000000000000e+04
2.147500000000000000e+04
2.149500000000000000e+04
2.154400000000000000e+04
2.154600000000000000e+04
2.155400000000000000e+04
2.160000000000000000e+04
2.161200000000000000e+04
2.163800000000000000e+04
2.164000000000000000e+04
2.166300000000000000e+04
2.168100000000000000e+04
2.168200000000000000e+04
2.177800000000000000e+04
2.178100000000000000e+04
2.179900000000000000e+04
2.180100000000000000e+04
2.181800000000000000e+04
2.186200000000000000e+04
2.190400000000000000e+04
2.190600000000000000e+04
2.206800000000000000e+04
2.207000000000000000e+04
2.219900000000000000e+04
2.220500000000000000e+04
2.221500000000000000e+04
2.225200000000000000e+04
2.225400000000000000e+04
2.227000000000000000e+04
2.228000000000000000e+04
2.229100000000000000e+04
2.229400000000000000e+04
2.231900000000000000e+04
2.237100000000000000e+04
2.246600000000000000e+04
2.246800000000000000e+04
2.255800000000000000e+04
2.268800000000000000e+04
2.276500000000000000e+04
2.276700000000000000e+04
2.280000000000000000e+04
2.341200000000000000e+04
2.344000000000000000e+04
2.380300000000000000e+04
2.386000000000000000e+04
2.435700000000000000e+04
2.445200000000000000e+04
2.447500000000000000e+04
2.449200000000000000e+04
2.449600000000000000e+04
2.459700000000000000e+04
2.464500000000000000e+04
2.470200000000000000e+04
2.471500000000000000e+04
2.472200000000000000e+04
2.478100000000000000e+04
2.478500000000000000e+04
2.482600000000000000e+04
2.498200000000000000e+04
2.503400000000000000e+04
2.518200000000000000e+04
2.522500000000000000e+04
2.540900000000000000e+04
2.541100000000000000e+04
2.542700000000000000e+04
2.545200000000000000e+04
2.551600000000000000e+04
2.551900000000000000e+04
2.570300000000000000e+04
2.570900000000000000e+04
2.571100000000000000e+04
2.577400000000000000e+04
2.579000000000000000e+04
2.579300000000000000e+04
2.589100000000000000e+04
2.592500000000000000e+04
2.593200000000000000e+04
2.594200000000000000e+04
2.597400000000000000e+04
2.598800000000000000e+04
2.603400000000000000e+04
2.608600000000000000e+04
2.609200000000000000e+04
2.610300000000000000e+04
2.610600000000000000e+04
2.612600000000000000e+04
2.615600000000000000e+04
2.627400000000000000e+04
2.631200000000000000e+04
2.645000000000000000e+04
2.645300000000000000e+04
2.645400000000000000e+04
2.692100000000000000e+04
2.710800000000000000e+04
2.725900000000000000e+04
2.726500000000000000e+04
2.728000000000000000e+04
2.728200000000000000e+04
2.728800000000000000e+04
2.732500000000000000e+04
2.732700000000000000e+04
2.734900000000000000e+04
2.764100000000000000e+04
2.765100000000000000e+04
2.768000000000000000e+04
2.768500000000000000e+04
2.784100000000000000e+04
2.792700000000000000e+04
2.804300000000000000e+04
2.813100000000000000e+04
2.813300000000000000e+04
2.829300000000000000e+04
2.861100000000000000e+04
2.861300000000000000e+04
2.870800000000000000e+04
2.870900000000000000e+04
2.871100000000000000e+04
2.875600000000000000e+04
2.922100000000000000e+04
2.934800000000000000e+04
2.942200000000000000e+04
2.952100000000000000e+04
2.956300000000000000e+04
2.957100000000000000e+04
2.967800000000000000e+04
2.970700000000000000e+04
2.973400000000000000e+04
2.973600000000000000e+04
2.975600000000000000e+04
2.982900000000000000e+04
2.991100000000000000e+04
3.017100000000000000e+04
3.020800000000000000e+04
3.023200000000000000e+04
3.023700000000000000e+04
3.024300000000000000e+04
3.024500000000000000e+04
3.029900000000000000e+04
3.032700000000000000e+04
3.034000000000000000e+04
3.034200000000000000e+04
3.037900000000000000e+04
3.038900000000000000e+04
3.069000000000000000e+04
3.081200000000000000e+04
3.086300000000000000e+04
3.107000000000000000e+04
3.112500000000000000e+04
3.114300000000000000e+04
3.118600000000000000e+04
3.119200000000000000e+04
3.126100000000000000e+04
3.127100000000000000e+04
3.127300000000000000e+04
3.128300000000000000e+04
3.128400000000000000e+04
3.130700000000000000e+04
3.138100000000000000e+04
3.138800000000000000e+04
3.141000000000000000e+04
3.172400000000000000e+04
3.175100000000000000e+04
3.177900000000000000e+04
3.183000000000000000e+04
3.188700000000000000e+04
3.188900000000000000e+04
3.194500000000000000e+04
3.194700000000000000e+04
3.195500000000000000e+04
3.198700000000000000e+04
3.244000000000000000e+04
3.246800000000000000e+04
3.247500000000000000e+04
3.251800000000000000e+04
3.253700000000000000e+04
3.269400000000000000e+04
3.271800000000000000e+04
3.286700000000000000e+04
3.293500000000000000e+04
3.299000000000000000e+04
3.310900000000000000e+04
3.311200000000000000e+04
3.311500000000000000e+04
3.311900000000000000e+04
3.316700000000000000e+04
3.323300000000000000e+04
3.323500000000000000e+04
3.332000000000000000e+04
3.338700000000000000e+04
3.339000000000000000e+04
3.342800000000000000e+04
3.354300000000000000e+04
3.354400000000000000e+04
3.357800000000000000e+04
3.358200000000000000e+04
3.359600000000000000e+04
3.360500000000000000e+04
3.362500000000000000e+04
3.365000000000000000e+04
3.365800000000000000e+04
3.367600000000000000e+04
3.367900000000000000e+04
3.370500000000000000e+04
3.370600000000000000e+04
3.376800000000000000e+04
3.378200000000000000e+04
3.378300000000000000e+04
3.379700000000000000e+04
3.383200000000000000e+04
3.383500000000000000e+04
3.384000000000000000e+04
3.386200000000000000e+04
3.386600000000000000e+04
3.388200000000000000e+04
3.388500000000000000e+04
3.390300000000000000e+04
3.391100000000000000e+04
3.397200000000000000e+04
3.402000000000000000e+04
3.402600000000000000e+04
3.403900000000000000e+04
3.404600000000000000e+04
3.405200000000000000e+04
3.405800000000000000e+04
3.411000000000000000e+04
3.412200000000000000e+04
3.415300000000000000e+04
3.417000000000000000e+04
3.421700000000000000e+04
3.422300000000000000e+04
3.423100000000000000e+04
3.425400000000000000e+04
3.444100000000000000e+04
3.446500000000000000e+04
3.446600000000000000e+04
3.451300000000000000e+04
3.475800000000000000e+04
3.505000000000000000e+04
3.506300000000000000e+04
3.511000000000000000e+04
3.512800000000000000e+04
3.517800000000000000e+04
3.519000000000000000e+04
3.521000000000000000e+04
3.521800000000000000e+04
3.522600000000000000e+04
3.522800000000000000e+04
3.530700000000000000e+04
3.532700000000000000e+04
3.534800000000000000e+04
3.538600000000000000e+04
3.545400000000000000e+04
3.545900000000000000e+04
3.546400000000000000e+04
3.550400000000000000e+04
3.550500000000000000e+04
3.557300000000000000e+04
3.564800000000000000e+04
3.565600000000000000e+04
3.567600000000000000e+04
3.567800000000000000e+04
3.575600000000000000e+04
3.576500000000000000e+04
3.578600000000000000e+04
3.587400000000000000e+04
3.599700000000000000e+04
3.604400000000000000e+04
3.604800000000000000e+04
3.608700000000000000e+04
3.610700000000000000e+04
3.612100000000000000e+04
3.612600000000000000e+04
3.614400000000000000e+04
3.615500000000000000e+04
3.616100000000000000e+04
3.616700000000000000e+04
3.617100000000000000e+04
3.620400000000000000e+04
3.622100000000000000e+04
3.650400000000000000e+04
3.696800000000000000e+04
3.716700000000000000e+04
3.754100000000000000e+04
3.754600000000000000e+04
3.755700000000000000e+04
3.760700000000000000e+04
3.761400000000000000e+04
3.761700000000000000e+04
3.761900000000000000e+04
3.763900000000000000e+04
3.764300000000000000e+04
3.781000000000000000e+04
3.782100000000000000e+04
3.787400000000000000e+04
3.793100000000000000e+04
3.798900000000000000e+04
3.799400000000000000e+04
3.816200000000000000e+04
3.816400000000000000e+04
3.817800000000000000e+04
3.819100000000000000e+04
3.828800000000000000e+04
3.828900000000000000e+04
3.839100000000000000e+04
3.846400000000000000e+04
3.846700000000000000e+04
3.848100000000000000e+04
3.848300000000000000e+04
3.875600000000000000e+04
3.875800000000000000e+04
3.876400000000000000e+04
3.883900000000000000e+04
3.887400000000000000e+04
3.890300000000000000e+04
3.893700000000000000e+04
3.896600000000000000e+04
3.900300000000000000e+04
3.960800000000000000e+04
3.974500000000000000e+04
3.975500000000000000e+04
3.978900000000000000e+04
3.989400000000000000e+04
3.990700000000000000e+04
3.995400000000000000e+04
4.001300000000000000e+04
4.025200000000000000e+04
4.028100000000000000e+04
4.029400000000000000e+04
4.032600000000000000e+04
4.036200000000000000e+04
4.048600000000000000e+04
4.050100000000000000e+04
4.050200000000000000e+04
4.054300000000000000e+04
4.060800000000000000e+04
4.061000000000000000e+04
4.062600000000000000e+04
4.063300000000000000e+04
4.065100000000000000e+04
4.070100000000000000e+04
4.070200000000000000e+04
4.071700000000000000e+04
4.071800000000000000e+04
4.074000000000000000e+04
4.074200000000000000e+04
4.085000000000000000e+04
4.094900000000000000e+04
4.119000000000000000e+04
4.132500000000000000e+04
4.135600000000000000e+04
4.146800000000000000e+04
4.148600000000000000e+04
4.154600000000000000e+04
4.168600000000000000e+04
4.169400000000000000e+04
4.169600000000000000e+04
4.171900000000000000e+04
4.175600000000000000e+04
4.178400000000000000e+04
4.187100000000000000e+04
4.187700000000000000e+04
4.189000000000000000e+04
4.193900000000000000e+04
4.263900000000000000e+04
4.264700000000000000e+04
4.267600000000000000e+04
4.270400000000000000e+04
4.277000000000000000e+04
4.283800000000000000e+04
4.286900000000000000e+04
4.288800000000000000e+04
4.289500000000000000e+04
4.289700000000000000e+04
4.301400000000000000e+04
4.301500000000000000e+04
4.307500000000000000e+04
4.307900000000000000e+04
4.308000000000000000e+04
4.320800000000000000e+04
4.324700000000000000e+04
4.336500000000000000e+04
4.338700000000000000e+04
4.338800000000000000e+04
4.340200000000000000e+04
4.344200000000000000e+04
4.350900000000000000e+04
4.358600000000000000e+04
4.359800000000000000e+04
4.362300000000000000e+04
4.363300000000000000e+04
4.445300000000000000e+04
